0 100.0 115.0 0 1 26 
1 100.0 145.0 0 2 27 
2 100.0 180.0 0 3 27 
3 100.0 220.0 0 4 28 
4 100.0 260.0 0 5 28 
5 120.0 140.0 0 11 27 
6 160.0 140.0 0 11 12 
7 200.0 140.0 0 12 13 
8 240.0 140.0 0 13 14 
9 120.0 180.0 0 15 27 
10 160.0 180.0 0 15 31 
11 120.0 220.0 0 16 28 
12 160.0 220.0 0 16 31 
13 120.0 260.0 0 17 28 
14 140.0 280.0 0 17 133 
15 180.0 240.0 0 22 31 
16 180.0 280.0 0 22 133 
17 205.0 240.0 0 23 31 
18 205.0 280.0 0 23 133 
19 225.0 240.0 0 24 31 
20 225.0 260.0 0 24 25 
21 225.0 280.0 0 25 133 
22 110.0 120.0 0 26 27 
23 110.0 200.0 0 27 28 
24 110.0 280.0 0 28 132 
25 115.0 100.0 0 6 26 
26 145.0 100.0 0 7 29 
27 180.0 100.0 0 8 29 
28 220.0 100.0 0 9 30 
29 260.0 100.0 0 10 30 
30 140.0 120.0 0 11 29 
31 140.0 160.0 0 11 15 
32 140.0 200.0 0 15 16 
33 140.0 240.0 0 16 17 
34 180.0 120.0 0 12 29 
35 180.0 160.0 0 12 31 
36 220.0 120.0 0 13 30 
37 220.0 160.0 0 13 31 
38 260.0 120.0 0 14 30 
39 280.0 140.0 0 14 135 
40 240.0 180.0 0 18 31 
41 280.0 180.0 0 18 135 
42 240.0 205.0 0 19 31 
43 280.0 205.0 0 19 135 
44 240.0 225.0 0 20 31 
45 260.0 225.0 0 20 21 
46 280.0 225.0 0 21 135 
47 120.0 110.0 0 26 29 
48 200.0 110.0 0 29 30 
49 280.0 110.0 0 30 134 
50 100.0 100.0 0 0 1 6 26 
51 100.0 485.0 0 36 111 
52 100.0 455.0 0 39 114 
53 100.0 420.0 0 42 114 
54 100.0 380.0 0 45 117 
55 100.0 340.0 0 48 117 
56 120.0 460.0 0 66 114 
57 160.0 460.0 0 66 69 
58 200.0 460.0 0 69 72 
59 240.0 460.0 0 72 75 
60 120.0 420.0 0 78 114 
61 160.0 420.0 0 78 126 
62 120.0 380.0 0 81 117 
63 160.0 380.0 0 81 126 
64 120.0 340.0 0 84 117 
65 140.0 320.0 0 84 133 
66 180.0 360.0 0 99 126 
67 180.0 320.0 0 99 133 
68 205.0 360.0 0 102 126 
69 205.0 320.0 0 102 133 
70 225.0 360.0 0 105 126 
71 225.0 340.0 0 105 108 
72 225.0 320.0 0 108 133 
73 110.0 480.0 0 111 114 
74 110.0 400.0 0 114 117 
75 110.0 320.0 0 117 132 
76 115.0 500.0 0 51 111 
77 145.0 500.0 0 54 120 
78 180.0 500.0 0 57 120 
79 220.0 500.0 0 60 123 
80 260.0 500.0 0 63 123 
81 140.0 480.0 0 66 120 
82 140.0 440.0 0 66 78 
83 140.0 400.0 0 78 81 
84 140.0 360.0 0 81 84 
85 180.0 480.0 0 69 120 
86 180.0 440.0 0 69 126 
87 220.0 480.0 0 72 123 
88 220.0 440.0 0 72 126 
89 260.0 480.0 0 75 123 
90 280.0 460.0 0 75 136 
91 240.0 420.0 0 87 126 
92 280.0 420.0 0 87 136 
93 240.0 395.0 0 90 126 
94 280.0 395.0 0 90 136 
95 240.0 375.0 0 93 126 
96 260.0 375.0 0 93 96 
97 280.0 375.0 0 96 136 
98 120.0 490.0 0 111 120 
99 200.0 490.0 0 120 123 
100 280.0 490.0 0 123 137 
101 100.0 500.0 0 33 36 51 111 
102 500.0 115.0 0 35 110 
103 500.0 145.0 0 38 113 
104 500.0 180.0 0 41 113 
105 500.0 220.0 0 44 116 
106 500.0 260.0 0 47 116 
107 480.0 140.0 0 65 113 
108 440.0 140.0 0 65 68 
109 400.0 140.0 0 68 71 
110 360.0 140.0 0 71 74 
111 480.0 180.0 0 77 113 
112 440.0 180.0 0 77 125 
113 480.0 220.0 0 80 116 
114 440.0 220.0 0 80 125 
115 480.0 260.0 0 83 116 
116 460.0 280.0 0 83 138 
117 420.0 240.0 0 98 125 
118 420.0 280.0 0 98 138 
119 395.0 240.0 0 101 125 
120 395.0 280.0 0 101 138 
121 375.0 240.0 0 104 125 
122 375.0 260.0 0 104 107 
123 375.0 280.0 0 107 138 
124 490.0 120.0 0 110 113 
125 490.0 200.0 0 113 116 
126 490.0 280.0 0 116 139 
127 485.0 100.0 0 50 110 
128 455.0 100.0 0 53 119 
129 420.0 100.0 0 56 119 
130 380.0 100.0 0 59 122 
131 340.0 100.0 0 62 122 
132 460.0 120.0 0 65 119 
133 460.0 160.0 0 65 77 
134 460.0 200.0 0 77 80 
135 460.0 240.0 0 80 83 
136 420.0 120.0 0 68 119 
137 420.0 160.0 0 68 125 
138 380.0 120.0 0 71 122 
139 380.0 160.0 0 71 125 
140 340.0 120.0 0 74 122 
141 320.0 140.0 0 74 135 
142 360.0 180.0 0 86 125 
143 320.0 180.0 0 86 135 
144 360.0 205.0 0 89 125 
145 320.0 205.0 0 89 135 
146 360.0 225.0 0 92 125 
147 340.0 225.0 0 92 95 
148 320.0 225.0 0 95 135 
149 480.0 110.0 0 110 119 
150 400.0 110.0 0 119 122 
151 320.0 110.0 0 122 134 
152 500.0 100.0 0 32 35 50 110 
153 500.0 485.0 0 37 112 
154 500.0 455.0 0 40 115 
155 500.0 420.0 0 43 115 
156 500.0 380.0 0 46 118 
157 500.0 340.0 0 49 118 
158 480.0 460.0 0 67 115 
159 440.0 460.0 0 67 70 
160 400.0 460.0 0 70 73 
161 360.0 460.0 0 73 76 
162 480.0 420.0 0 79 115 
163 440.0 420.0 0 79 127 
164 480.0 380.0 0 82 118 
165 440.0 380.0 0 82 127 
166 480.0 340.0 0 85 118 
167 460.0 320.0 0 85 138 
168 420.0 360.0 0 100 127 
169 420.0 320.0 0 100 138 
170 395.0 360.0 0 103 127 
171 395.0 320.0 0 103 138 
172 375.0 360.0 0 106 127 
173 375.0 340.0 0 106 109 
174 375.0 320.0 0 109 138 
175 490.0 480.0 0 112 115 
176 490.0 400.0 0 115 118 
177 490.0 320.0 0 118 139 
178 485.0 500.0 0 52 112 
179 455.0 500.0 0 55 121 
180 420.0 500.0 0 58 121 
181 380.0 500.0 0 61 124 
182 340.0 500.0 0 64 124 
183 460.0 480.0 0 67 121 
184 460.0 440.0 0 67 79 
185 460.0 400.0 0 79 82 
186 460.0 360.0 0 82 85 
187 420.0 480.0 0 70 121 
188 420.0 440.0 0 70 127 
189 380.0 480.0 0 73 124 
190 380.0 440.0 0 73 127 
191 340.0 480.0 0 76 124 
192 320.0 460.0 0 76 136 
193 360.0 420.0 0 88 127 
194 320.0 420.0 0 88 136 
195 360.0 395.0 0 91 127 
196 320.0 395.0 0 91 136 
197 360.0 375.0 0 94 127 
198 340.0 375.0 0 94 97 
199 320.0 375.0 0 97 136 
200 480.0 490.0 0 112 121 
201 400.0 490.0 0 121 124 
202 320.0 490.0 0 124 137 
203 500.0 500.0 0 34 37 52 112 
204 50.0 300.0 0 128 
205 100.0 300.0 0 128 132 
206 300.0 50.0 0 129 
207 300.0 100.0 0 129 134 
208 300.0 500.0 0 130 137 
209 300.0 550.0 0 130 
210 500.0 300.0 0 131 139 
211 550.0 300.0 0 131 
212 120.0 300.0 0 132 133 
213 240.0 300.0 0 133 140 
214 300.0 120.0 0 134 135 
215 300.0 240.0 0 135 140 
216 300.0 360.0 0 136 140 
217 300.0 480.0 0 136 137 
218 360.0 300.0 0 138 140 
219 480.0 300.0 0 138 139 
