0 10000
1 10001
2 10001
3 10001
4 10001
5 10001
6 10001
7 10001
8 10001
9 10001
10 10001
11 10001
12 10001
13 10001
14 10001
15 10001
16 10003
17 10003
18 10003
19 10004
20 10004
21 10004
22 10004
23 10005
24 10005
25 10005
26 10005
27 10005
28 10005
29 10005
30 10005
31 10005
32 10005
33 10006
34 10006
35 10007
36 10009
37 10009
38 10009
39 10009
40 10009
41 10009
42 10009
43 10010
44 10010
45 10010
46 10011
47 10011
48 10011
49 10011
50 10011
51 10012
52 10012
53 10012
54 10014
55 10014
56 10014
57 10015
58 10015
59 10015
