0 0.0 100.0 0.0 100.0 0 0 50 
1 50.0 100.0 100.0 130.0 0 0 0 50 
2 50.0 100.0 130.0 160.0 0 0 1 
3 50.0 100.0 160.0 200.0 0 0 2 
4 50.0 100.0 200.0 240.0 0 0 3 
5 50.0 100.0 240.0 280.0 0 0 4 
6 100.0 130.0 50.0 100.0 0 0 25 50 
7 130.0 160.0 50.0 100.0 0 0 26 
8 160.0 200.0 50.0 100.0 0 0 27 
9 200.0 240.0 50.0 100.0 0 0 28 
10 240.0 280.0 50.0 100.0 0 0 29 
11 120.0 160.0 120.0 160.0 0 0 5 6 30 31 
12 160.0 200.0 120.0 160.0 0 0 6 7 34 35 
13 200.0 240.0 120.0 160.0 0 0 7 8 36 37 
14 240.0 280.0 120.0 160.0 0 0 8 38 39 
15 120.0 160.0 160.0 200.0 0 0 9 10 31 32 
16 120.0 160.0 200.0 240.0 0 0 11 12 32 33 
17 120.0 160.0 240.0 280.0 0 0 13 14 33 
18 240.0 280.0 160.0 200.0 0 0 40 41 
19 240.0 280.0 200.0 210.0 0 1 42 43 
20 240.0 260.0 210.0 240.0 0 0 44 45 
21 260.0 280.0 210.0 240.0 0 0 45 46 
22 160.0 200.0 240.0 280.0 0 0 15 16 
23 200.0 210.0 240.0 280.0 0 1 17 18 
24 210.0 240.0 240.0 260.0 0 0 19 20 
25 210.0 240.0 260.0 280.0 0 0 20 21 
26 100.0 120.0 100.0 120.0 0 1 0 22 25 47 50 
27 100.0 120.0 120.0 200.0 0 1 1 2 5 9 22 23 
28 100.0 120.0 200.0 280.0 0 1 3 4 11 13 23 24 
29 120.0 200.0 100.0 120.0 0 1 26 27 30 34 47 48 
30 200.0 280.0 100.0 120.0 0 1 28 29 36 38 48 49 
31 160.0 240.0 160.0 240.0 0 1 10 12 15 17 19 35 37 40 42 44 
32 500.0 600.0 0.0 100.0 0 0 152 
33 0.0 100.0 500.0 600.0 0 0 101 
34 500.0 600.0 500.0 600.0 0 0 203 
35 500.0 550.0 100.0 130.0 0 0 102 152 
36 50.0 100.0 470.0 500.0 0 0 51 101 
37 500.0 550.0 470.0 500.0 0 0 153 203 
38 500.0 550.0 130.0 160.0 0 0 103 
39 50.0 100.0 440.0 470.0 0 0 52 
40 500.0 550.0 440.0 470.0 0 0 154 
41 500.0 550.0 160.0 200.0 0 0 104 
42 50.0 100.0 400.0 440.0 0 0 53 
43 500.0 550.0 400.0 440.0 0 0 155 
44 500.0 550.0 200.0 240.0 0 0 105 
45 50.0 100.0 360.0 400.0 0 0 54 
46 500.0 550.0 360.0 400.0 0 0 156 
47 500.0 550.0 240.0 280.0 0 0 106 
48 50.0 100.0 320.0 360.0 0 0 55 
49 500.0 550.0 320.0 360.0 0 0 157 
50 470.0 500.0 50.0 100.0 0 0 127 152 
51 100.0 130.0 500.0 550.0 0 0 76 101 
52 470.0 500.0 500.0 550.0 0 0 178 203 
53 440.0 470.0 50.0 100.0 0 0 128 
54 130.0 160.0 500.0 550.0 0 0 77 
55 440.0 470.0 500.0 550.0 0 0 179 
56 400.0 440.0 50.0 100.0 0 0 129 
57 160.0 200.0 500.0 550.0 0 0 78 
58 400.0 440.0 500.0 550.0 0 0 180 
59 360.0 400.0 50.0 100.0 0 0 130 
60 200.0 240.0 500.0 550.0 0 0 79 
61 360.0 400.0 500.0 550.0 0 0 181 
62 320.0 360.0 50.0 100.0 0 0 131 
63 240.0 280.0 500.0 550.0 0 0 80 
64 320.0 360.0 500.0 550.0 0 0 182 
65 440.0 480.0 120.0 160.0 0 0 107 108 132 133 
66 120.0 160.0 440.0 480.0 0 0 56 57 81 82 
67 440.0 480.0 440.0 480.0 0 0 158 159 183 184 
68 400.0 440.0 120.0 160.0 0 0 108 109 136 137 
69 160.0 200.0 440.0 480.0 0 0 57 58 85 86 
70 400.0 440.0 440.0 480.0 0 0 159 160 187 188 
71 360.0 400.0 120.0 160.0 0 0 109 110 138 139 
72 200.0 240.0 440.0 480.0 0 0 58 59 87 88 
73 360.0 400.0 440.0 480.0 0 0 160 161 189 190 
74 320.0 360.0 120.0 160.0 0 0 110 140 141 
75 240.0 280.0 440.0 480.0 0 0 59 89 90 
76 320.0 360.0 440.0 480.0 0 0 161 191 192 
77 440.0 480.0 160.0 200.0 0 0 111 112 133 134 
78 120.0 160.0 400.0 440.0 0 0 60 61 82 83 
79 440.0 480.0 400.0 440.0 0 0 162 163 184 185 
80 440.0 480.0 200.0 240.0 0 0 113 114 134 135 
81 120.0 160.0 360.0 400.0 0 0 62 63 83 84 
82 440.0 480.0 360.0 400.0 0 0 164 165 185 186 
83 440.0 480.0 240.0 280.0 0 0 115 116 135 
84 120.0 160.0 320.0 360.0 0 0 64 65 84 
85 440.0 480.0 320.0 360.0 0 0 166 167 186 
86 320.0 360.0 160.0 200.0 0 0 142 143 
87 240.0 280.0 400.0 440.0 0 0 91 92 
88 320.0 360.0 400.0 440.0 0 0 193 194 
89 320.0 360.0 200.0 210.0 0 1 144 145 
90 240.0 280.0 390.0 400.0 0 1 93 94 
91 320.0 360.0 390.0 400.0 0 1 195 196 
92 340.0 360.0 210.0 240.0 0 0 146 147 
93 240.0 260.0 360.0 390.0 0 0 95 96 
94 340.0 360.0 360.0 390.0 0 0 197 198 
95 320.0 340.0 210.0 240.0 0 0 147 148 
96 260.0 280.0 360.0 390.0 0 0 96 97 
97 320.0 340.0 360.0 390.0 0 0 198 199 
98 400.0 440.0 240.0 280.0 0 0 117 118 
99 160.0 200.0 320.0 360.0 0 0 66 67 
100 400.0 440.0 320.0 360.0 0 0 168 169 
101 390.0 400.0 240.0 280.0 0 1 119 120 
102 200.0 210.0 320.0 360.0 0 1 68 69 
103 390.0 400.0 320.0 360.0 0 1 170 171 
104 360.0 390.0 240.0 260.0 0 0 121 122 
105 210.0 240.0 340.0 360.0 0 0 70 71 
106 360.0 390.0 340.0 360.0 0 0 172 173 
107 360.0 390.0 260.0 280.0 0 0 122 123 
108 210.0 240.0 320.0 340.0 0 0 71 72 
109 360.0 390.0 320.0 340.0 0 0 173 174 
110 480.0 500.0 100.0 120.0 0 1 102 124 127 149 152 
111 100.0 120.0 480.0 500.0 0 1 51 73 76 98 101 
112 480.0 500.0 480.0 500.0 0 1 153 175 178 200 203 
113 480.0 500.0 120.0 200.0 0 1 103 104 107 111 124 125 
114 100.0 120.0 400.0 480.0 0 1 52 53 56 60 73 74 
115 480.0 500.0 400.0 480.0 0 1 154 155 158 162 175 176 
116 480.0 500.0 200.0 280.0 0 1 105 106 113 115 125 126 
117 100.0 120.0 320.0 400.0 0 1 54 55 62 64 74 75 
118 480.0 500.0 320.0 400.0 0 1 156 157 164 166 176 177 
119 400.0 480.0 100.0 120.0 0 1 128 129 132 136 149 150 
120 120.0 200.0 480.0 500.0 0 1 77 78 81 85 98 99 
121 400.0 480.0 480.0 500.0 0 1 179 180 183 187 200 201 
122 320.0 400.0 100.0 120.0 0 1 130 131 138 140 150 151 
123 200.0 280.0 480.0 500.0 0 1 79 80 87 89 99 100 
124 320.0 400.0 480.0 500.0 0 1 181 182 189 191 201 202 
125 360.0 440.0 160.0 240.0 0 1 112 114 117 119 121 137 139 142 144 146 
126 160.0 240.0 360.0 440.0 0 1 61 63 66 68 70 86 88 91 93 95 
127 360.0 440.0 360.0 440.0 0 1 163 165 168 170 172 188 190 193 195 197 
128 50.0 100.0 280.0 320.0 0 2 204 205 
129 280.0 320.0 50.0 100.0 0 2 206 207 
130 280.0 320.0 500.0 550.0 0 2 208 209 
131 500.0 550.0 280.0 320.0 0 2 210 211 
132 100.0 120.0 280.0 320.0 0 1 24 75 205 212 
133 120.0 240.0 280.0 320.0 0 1 14 16 18 21 65 67 69 72 212 213 
134 280.0 320.0 100.0 120.0 0 1 49 151 207 214 
135 280.0 320.0 120.0 240.0 0 1 39 41 43 46 141 143 145 148 214 215 
136 280.0 320.0 360.0 480.0 0 1 90 92 94 97 192 194 196 199 216 217 
137 280.0 320.0 480.0 500.0 0 1 100 202 208 217 
138 360.0 480.0 280.0 320.0 0 1 116 118 120 123 167 169 171 174 218 219 
139 480.0 500.0 280.0 320.0 0 1 126 177 210 219 
140 240.0 360.0 240.0 360.0 0 1 213 215 216 218 
