-1 50 50 50 50 50 50 50 50 50 50 50 50 50 50 50 50 50 50 50 50 50 50 50 50 50 50 50 50 50 50 50 50 50 50 50 50 50 50 50 50 50 50 50 50 50 50 50 50 50 50 50 50 50 50 50 50 50 50 50 50 50 50 50 50 50 50 50 50 50 50 50 50 50 50 50 50 50 50 50 50 50 50 50 50 50 50 50 50 50 50 50 50 50 50 50 50 50 50 50 50 50 50 50 50 50 50 50 50 50 50 50 50 50 50 50 50 50 50 50 50 50 50 50 50 50 50 50 50 50 50 50 50 50 50 50 50 50 50 50 50 
50 -1 -1 -1 -1 -1 -1 -1 -1 -1 -1 -1 -1 -1 -1 -1 -1 -1 -1 -1 -1 -1 -1 -1 -1 -1 -1 -1 -1 -1 -1 -1 -1 -1 -1 -1 -1 -1 -1 -1 -1 -1 -1 -1 -1 -1 -1 -1 -1 -1 -1 -1 -1 -1 -1 -1 -1 -1 -1 -1 -1 -1 -1 -1 -1 -1 -1 -1 -1 -1 -1 -1 -1 -1 -1 -1 -1 -1 -1 -1 -1 -1 -1 -1 -1 -1 -1 -1 -1 -1 -1 -1 -1 -1 -1 -1 -1 -1 -1 -1 -1 -1 -1 -1 -1 -1 -1 -1 -1 -1 -1 -1 -1 -1 -1 -1 -1 -1 -1 -1 -1 -1 -1 -1 -1 -1 -1 -1 -1 -1 -1 -1 -1 -1 -1 -1 -1 -1 -1 -1 -1 
1 1 -1 1 1 1 1 1 1 1 1 1 1 1 1 1 1 1 1 1 1 1 1 1 1 1 1 1 1 1 1 1 1 1 1 1 1 1 1 1 1 1 1 1 1 1 1 1 1 1 1 1 1 1 1 1 1 1 1 1 1 1 1 1 1 1 1 1 1 1 1 1 1 1 1 1 1 1 1 1 1 1 1 1 1 1 1 1 1 1 1 1 1 1 1 1 1 1 1 1 1 1 1 1 1 1 1 1 1 1 1 1 1 1 1 1 1 1 1 1 1 1 1 1 1 1 1 1 1 1 1 1 1 1 1 1 1 1 1 1 1 
2 2 2 -1 2 2 2 2 2 2 2 2 2 2 2 2 2 2 2 2 2 2 2 2 2 2 2 2 2 2 2 2 2 2 2 2 2 2 2 2 2 2 2 2 2 2 2 2 2 2 2 2 2 2 2 2 2 2 2 2 2 2 2 2 2 2 2 2 2 2 2 2 2 2 2 2 2 2 2 2 2 2 2 2 2 2 2 2 2 2 2 2 2 2 2 2 2 2 2 2 2 2 2 2 2 2 2 2 2 2 2 2 2 2 2 2 2 2 2 2 2 2 2 2 2 2 2 2 2 2 2 2 2 2 2 2 2 2 2 2 2 
3 3 3 3 -1 3 3 3 3 3 3 3 3 3 3 3 3 3 3 3 3 3 3 3 3 3 3 3 3 3 3 3 3 3 3 3 3 3 3 3 3 3 3 3 3 3 3 3 3 3 3 3 3 3 3 3 3 3 3 3 3 3 3 3 3 3 3 3 3 3 3 3 3 3 3 3 3 3 3 3 3 3 3 3 3 3 3 3 3 3 3 3 3 3 3 3 3 3 3 3 3 3 3 3 3 3 3 3 3 3 3 3 3 3 3 3 3 3 3 3 3 3 3 3 3 3 3 3 3 3 3 3 3 3 3 3 3 3 3 3 3 
4 4 4 4 4 -1 4 4 4 4 4 4 4 4 4 4 4 4 4 4 4 4 4 4 4 4 4 4 4 4 4 4 4 4 4 4 4 4 4 4 4 4 4 4 4 4 4 4 4 4 4 4 4 4 4 4 4 4 4 4 4 4 4 4 4 4 4 4 4 4 4 4 4 4 4 4 4 4 4 4 4 4 4 4 4 4 4 4 4 4 4 4 4 4 4 4 4 4 4 4 4 4 4 4 4 4 4 4 4 4 4 4 4 4 4 4 4 4 4 4 4 4 4 4 4 4 4 4 4 4 4 4 4 4 4 4 4 4 4 4 4 
50 -1 -1 -1 -1 -1 -1 -1 -1 -1 -1 -1 -1 -1 -1 -1 -1 -1 -1 -1 -1 -1 -1 -1 -1 -1 -1 -1 -1 -1 -1 -1 -1 -1 -1 -1 -1 -1 -1 -1 -1 -1 -1 -1 -1 -1 -1 -1 -1 -1 -1 -1 -1 -1 -1 -1 -1 -1 -1 -1 -1 -1 -1 -1 -1 -1 -1 -1 -1 -1 -1 -1 -1 -1 -1 -1 -1 -1 -1 -1 -1 -1 -1 -1 -1 -1 -1 -1 -1 -1 -1 -1 -1 -1 -1 -1 -1 -1 -1 -1 -1 -1 -1 -1 -1 -1 -1 -1 -1 -1 -1 -1 -1 -1 -1 -1 -1 -1 -1 -1 -1 -1 -1 -1 -1 -1 -1 -1 -1 -1 -1 -1 -1 -1 -1 -1 -1 -1 -1 -1 -1 
26 26 26 26 26 26 26 -1 26 26 26 26 26 26 26 26 26 26 26 26 26 26 26 26 26 26 26 26 26 26 26 26 26 26 26 26 26 26 26 26 26 26 26 26 26 26 26 26 26 26 26 26 26 26 26 26 26 26 26 26 26 26 26 26 26 26 26 26 26 26 26 26 26 26 26 26 26 26 26 26 26 26 26 26 26 26 26 26 26 26 26 26 26 26 26 26 26 26 26 26 26 26 26 26 26 26 26 26 26 26 26 26 26 26 26 26 26 26 26 26 26 26 26 26 26 26 26 26 26 26 26 26 26 26 26 26 26 26 26 26 26 
27 27 27 27 27 27 27 27 -1 27 27 27 27 27 27 27 27 27 27 27 27 27 27 27 27 27 27 27 27 27 27 27 27 27 27 27 27 27 27 27 27 27 27 27 27 27 27 27 27 27 27 27 27 27 27 27 27 27 27 27 27 27 27 27 27 27 27 27 27 27 27 27 27 27 27 27 27 27 27 27 27 27 27 27 27 27 27 27 27 27 27 27 27 27 27 27 27 27 27 27 27 27 27 27 27 27 27 27 27 27 27 27 27 27 27 27 27 27 27 27 27 27 27 27 27 27 27 27 27 27 27 27 27 27 27 27 27 27 27 27 27 
28 28 28 28 28 28 28 28 28 -1 28 28 28 28 28 28 28 28 28 28 28 28 28 28 28 28 28 28 28 28 28 28 28 28 28 28 28 28 28 28 28 28 28 28 28 28 28 28 28 28 28 28 28 28 28 28 28 28 28 28 28 28 28 28 28 28 28 28 28 28 28 28 28 28 28 28 28 28 28 28 28 28 28 28 28 28 28 28 28 28 28 28 28 28 28 28 28 28 28 28 28 28 28 28 28 28 28 28 28 28 28 28 28 28 28 28 28 28 28 28 28 28 28 28 28 28 28 28 28 28 28 28 28 28 28 28 28 28 28 28 28 
29 29 29 29 29 29 29 29 29 29 -1 29 29 29 29 29 29 29 29 29 29 29 29 29 29 29 29 29 29 29 29 29 29 29 29 29 29 29 29 29 29 29 29 29 29 29 29 29 29 29 29 29 29 29 29 29 29 29 29 29 29 29 29 29 29 29 29 29 29 29 29 29 29 29 29 29 29 29 29 29 29 29 29 29 29 29 29 29 29 29 29 29 29 29 29 29 29 29 29 29 29 29 29 29 29 29 29 29 29 29 29 29 29 29 29 29 29 29 29 29 29 29 29 29 29 29 29 29 29 29 29 29 29 29 29 29 29 29 29 29 29 
-1 -1 5 -1 -1 -1 -1 30 -1 -1 -1 -1 -1 -1 -1 -1 -1 -1 -1 -1 -1 -1 -1 -1 -1 -1 -1 -1 -1 -1 -1 -1 -1 -1 -1 -1 -1 -1 6 -1 -1 -1 -1 -1 -1 -1 -1 -1 -1 -1 -1 -1 -1 -1 31 -1 -1 -1 -1 -1 -1 -1 -1 -1 -1 -1 -1 -1 -1 -1 -1 -1 -1 -1 -1 -1 -1 -1 -1 -1 -1 -1 -1 -1 -1 -1 -1 -1 -1 -1 -1 -1 -1 -1 -1 -1 -1 -1 -1 -1 -1 -1 -1 -1 -1 -1 -1 -1 -1 -1 -1 -1 -1 -1 -1 -1 -1 -1 -1 -1 -1 -1 -1 -1 -1 -1 -1 -1 -1 -1 -1 -1 -1 -1 -1 -1 -1 -1 -1 -1 -1 
-1 -1 6 -1 -1 -1 -1 -1 34 -1 -1 -1 -1 -1 -1 -1 -1 -1 -1 -1 -1 -1 35 -1 -1 -1 -1 -1 -1 -1 -1 -1 -1 -1 -1 -1 -1 -1 7 -1 -1 -1 -1 -1 -1 -1 -1 -1 -1 -1 -1 -1 -1 -1 -1 -1 -1 35 -1 -1 -1 -1 -1 -1 -1 -1 -1 -1 -1 35 -1 -1 -1 -1 -1 -1 -1 -1 -1 -1 -1 -1 -1 -1 -1 -1 -1 -1 -1 -1 -1 -1 -1 -1 -1 -1 -1 -1 -1 35 -1 -1 -1 -1 -1 -1 -1 -1 -1 -1 -1 -1 -1 -1 -1 -1 -1 -1 -1 -1 -1 -1 -1 -1 -1 -1 -1 -1 -1 -1 -1 -1 -1 -1 -1 -1 -1 -1 -1 -1 -1 
-1 -1 7 -1 -1 -1 -1 -1 -1 36 -1 -1 -1 -1 -1 -1 -1 -1 -1 -1 37 -1 -1 37 37 37 -1 -1 -1 -1 -1 -1 -1 -1 -1 -1 -1 -1 8 -1 -1 -1 -1 -1 -1 -1 -1 -1 -1 -1 -1 -1 -1 -1 -1 -1 -1 -1 -1 -1 37 -1 -1 37 -1 -1 -1 -1 -1 -1 -1 -1 -1 -1 -1 -1 -1 -1 -1 -1 -1 -1 -1 -1 -1 -1 -1 37 -1 -1 37 -1 -1 37 -1 -1 37 37 -1 -1 -1 -1 37 -1 -1 37 -1 -1 37 -1 -1 -1 -1 -1 -1 -1 -1 -1 -1 -1 -1 -1 -1 -1 -1 -1 -1 -1 -1 -1 37 -1 -1 -1 -1 -1 -1 37 -1 -1 -1 
-1 -1 -1 8 8 8 -1 -1 -1 -1 38 -1 -1 -1 -1 8 8 8 -1 -1 -1 -1 8 -1 -1 -1 -1 -1 8 -1 -1 -1 -1 -1 -1 -1 -1 -1 39 -1 39 39 8 -1 39 -1 -1 39 8 39 -1 -1 -1 -1 -1 -1 -1 -1 -1 -1 -1 -1 -1 -1 -1 -1 -1 -1 -1 -1 -1 -1 -1 -1 -1 -1 -1 39 -1 39 39 -1 39 39 -1 39 39 -1 -1 39 -1 -1 39 -1 -1 39 -1 -1 39 -1 -1 39 -1 -1 39 -1 -1 39 -1 -1 -1 -1 -1 -1 -1 -1 39 -1 -1 -1 -1 -1 -1 -1 -1 39 -1 -1 8 -1 -1 39 8 -1 -1 -1 -1 -1 -1 -1 -1 
-1 -1 -1 9 -1 -1 -1 31 -1 -1 -1 -1 -1 -1 -1 -1 -1 -1 10 -1 -1 -1 -1 -1 -1 -1 -1 -1 -1 -1 -1 -1 -1 -1 -1 -1 -1 -1 -1 -1 -1 10 -1 -1 -1 -1 -1 -1 -1 -1 -1 -1 -1 -1 32 -1 -1 -1 -1 -1 -1 -1 -1 -1 -1 -1 -1 -1 -1 -1 -1 -1 -1 -1 -1 -1 -1 10 -1 -1 -1 -1 -1 -1 -1 -1 10 -1 -1 -1 -1 -1 -1 -1 -1 -1 -1 -1 -1 -1 -1 -1 -1 -1 -1 -1 -1 -1 -1 -1 -1 -1 -1 -1 -1 -1 -1 -1 -1 -1 -1 -1 -1 -1 -1 -1 -1 -1 -1 -1 -1 -1 -1 -1 -1 -1 -1 -1 -1 -1 -1 
-1 -1 -1 -1 11 -1 -1 32 -1 -1 -1 -1 -1 -1 -1 -1 -1 -1 -1 12 12 12 -1 -1 12 -1 -1 -1 -1 -1 -1 -1 -1 -1 -1 -1 -1 -1 -1 -1 -1 -1 -1 -1 12 -1 -1 12 -1 -1 -1 -1 -1 -1 33 -1 -1 -1 -1 -1 -1 -1 -1 -1 -1 -1 -1 -1 -1 -1 -1 -1 -1 -1 -1 -1 -1 -1 -1 -1 -1 -1 -1 -1 -1 -1 -1 -1 -1 12 -1 -1 12 -1 -1 12 -1 -1 12 -1 -1 12 -1 -1 12 -1 -1 12 -1 12 -1 -1 -1 -1 -1 -1 -1 -1 -1 -1 -1 -1 -1 -1 -1 -1 -1 -1 -1 -1 -1 12 -1 -1 -1 -1 -1 -1 -1 12 -1 
-1 -1 -1 -1 -1 13 -1 -1 33 -1 33 -1 -1 -1 33 -1 -1 -1 33 -1 -1 -1 -1 -1 -1 -1 -1 -1 -1 -1 -1 -1 -1 -1 -1 -1 -1 -1 -1 -1 -1 -1 -1 -1 -1 -1 -1 -1 -1 -1 -1 -1 -1 -1 14 14 33 14 -1 -1 14 -1 33 14 14 -1 -1 -1 -1 14 14 -1 14 14 -1 14 14 -1 -1 -1 -1 -1 -1 -1 -1 -1 -1 14 -1 -1 14 -1 -1 14 -1 -1 14 -1 -1 14 -1 -1 14 -1 -1 14 -1 -1 14 -1 -1 -1 -1 -1 -1 -1 -1 -1 -1 -1 -1 -1 -1 14 -1 -1 14 -1 -1 33 14 -1 -1 -1 33 -1 -1 -1 -1 -1 -1 
40 40 40 40 40 40 40 40 40 -1 -1 40 40 -1 -1 40 40 40 -1 -1 -1 -1 40 40 40 40 40 40 40 -1 -1 40 41 40 41 41 40 41 41 40 41 41 40 41 41 -1 41 41 -1 41 41 -1 41 41 -1 41 41 -1 41 -1 -1 -1 -1 -1 -1 41 -1 41 41 -1 41 41 -1 -1 -1 -1 -1 41 40 41 41 -1 41 41 -1 41 41 -1 -1 41 -1 -1 41 -1 -1 41 -1 -1 41 40 41 41 40 41 41 -1 41 41 -1 41 41 -1 41 41 -1 41 41 -1 41 41 -1 41 -1 -1 -1 41 -1 41 40 41 -1 41 40 -1 -1 41 -1 -1 41 41 -1 
42 42 42 42 42 42 42 42 42 -1 -1 42 42 -1 -1 42 42 42 -1 -1 -1 -1 42 42 42 42 42 42 42 42 -1 42 43 -1 43 43 -1 43 43 42 43 43 42 43 43 42 43 43 42 -1 43 -1 43 43 -1 43 43 -1 43 -1 -1 -1 -1 -1 -1 43 -1 43 43 -1 43 43 -1 -1 -1 -1 -1 43 42 43 43 42 -1 43 42 -1 43 -1 -1 43 -1 -1 43 -1 -1 43 -1 -1 43 42 43 43 42 43 43 -1 43 43 -1 43 43 -1 43 43 42 43 43 42 -1 43 -1 43 -1 -1 -1 43 -1 -1 42 43 -1 43 42 -1 -1 43 -1 -1 -1 43 -1 
44 44 44 44 44 44 44 44 44 44 -1 44 44 44 -1 44 44 44 -1 -1 -1 45 44 44 44 44 44 44 44 44 -1 44 45 44 45 45 44 45 45 44 45 45 44 45 45 44 45 45 44 45 45 -1 45 45 44 45 45 44 45 45 44 -1 45 -1 -1 45 44 45 45 44 45 45 44 -1 45 -1 -1 45 44 45 45 44 45 45 44 45 45 -1 -1 45 -1 -1 45 44 -1 45 -1 -1 45 44 45 45 44 45 45 44 45 45 44 45 45 -1 45 45 44 45 45 44 45 45 44 45 45 -1 -1 45 44 -1 44 45 -1 45 44 44 -1 45 -1 -1 45 45 -1 
45 45 45 45 45 45 45 45 45 -1 46 45 45 -1 -1 45 45 45 -1 -1 45 -1 45 45 45 45 45 45 45 45 -1 45 46 45 46 46 45 46 46 45 46 46 45 46 46 45 46 46 45 46 46 -1 46 46 -1 46 46 -1 46 46 -1 46 46 46 46 46 -1 46 46 -1 46 46 -1 46 46 -1 46 46 45 46 46 45 46 46 45 46 46 -1 46 46 -1 46 46 -1 46 46 -1 46 46 45 46 46 45 46 46 -1 46 46 -1 46 46 -1 46 46 45 46 46 45 46 46 -1 46 46 -1 46 46 -1 46 45 46 46 46 45 -1 46 46 46 46 46 46 -1 
15 15 15 15 -1 -1 15 -1 15 15 15 15 15 15 15 15 -1 -1 15 15 15 15 -1 -1 -1 -1 -1 -1 -1 -1 15 15 15 16 16 -1 16 16 -1 16 16 -1 16 16 -1 -1 -1 -1 -1 -1 15 16 16 15 16 16 15 16 16 -1 16 16 -1 16 16 -1 16 16 15 16 16 -1 16 16 -1 16 16 -1 16 16 -1 16 -1 -1 -1 -1 15 16 16 15 16 16 -1 16 16 -1 16 16 -1 16 -1 -1 16 -1 -1 16 -1 -1 16 -1 -1 16 16 -1 16 16 -1 -1 -1 -1 16 16 -1 16 16 -1 16 16 16 15 16 -1 -1 16 15 -1 16 16 -1 -1 -1 
17 17 17 17 -1 -1 17 17 17 17 17 17 17 17 17 17 -1 -1 17 17 17 17 -1 -1 -1 -1 17 17 -1 17 17 17 -1 18 18 -1 18 18 -1 18 18 -1 18 18 -1 -1 -1 -1 -1 -1 -1 18 18 17 18 18 17 18 18 17 18 18 17 18 -1 -1 18 18 17 18 18 17 18 -1 17 18 -1 -1 18 18 -1 18 -1 -1 -1 -1 17 18 18 17 18 18 -1 18 18 -1 18 18 -1 18 -1 -1 18 -1 -1 18 -1 -1 18 -1 -1 18 18 -1 18 18 -1 -1 -1 17 18 18 17 18 -1 -1 18 -1 18 17 18 -1 -1 18 17 -1 -1 18 -1 -1 -1 
19 19 19 19 19 -1 19 19 19 19 19 19 19 19 19 19 19 -1 19 19 19 19 -1 -1 -1 20 19 19 -1 19 19 19 19 20 20 -1 20 20 19 20 20 19 20 20 19 20 -1 -1 20 -1 19 20 20 19 20 20 19 20 20 19 20 20 19 20 20 19 20 20 19 20 20 19 20 20 19 20 20 19 20 20 19 20 -1 -1 20 -1 19 20 20 19 20 20 19 20 20 19 20 20 -1 20 -1 -1 20 -1 19 20 -1 -1 20 -1 -1 20 20 19 20 20 -1 20 -1 19 20 20 19 20 20 19 20 -1 20 19 20 -1 -1 20 19 19 20 20 -1 -1 -1 
20 20 20 20 -1 21 20 20 20 20 20 20 20 20 20 20 -1 -1 20 20 20 20 -1 -1 20 -1 20 20 -1 20 20 20 20 21 21 -1 21 21 -1 21 21 -1 21 21 -1 21 21 21 21 21 20 21 21 20 21 21 20 21 21 20 21 21 20 21 21 -1 21 21 20 21 21 20 21 21 20 21 21 -1 21 21 -1 21 21 -1 21 21 20 21 21 20 21 21 -1 21 21 -1 21 21 -1 21 21 -1 21 21 -1 21 21 -1 21 21 -1 21 21 -1 21 21 -1 21 21 20 21 21 20 21 21 -1 21 21 21 20 21 21 21 21 20 -1 21 21 21 21 -1 
50 -1 22 22 22 22 -1 47 47 47 47 -1 -1 -1 -1 -1 -1 -1 -1 -1 -1 -1 -1 -1 -1 -1 -1 22 22 47 47 -1 47 22 -1 47 -1 -1 -1 22 -1 -1 -1 -1 -1 22 -1 -1 -1 -1 -1 22 -1 47 -1 -1 -1 -1 -1 47 -1 -1 -1 -1 -1 -1 -1 -1 -1 -1 -1 -1 -1 -1 -1 -1 -1 -1 -1 -1 -1 -1 -1 -1 -1 -1 -1 -1 -1 -1 -1 -1 -1 -1 -1 -1 -1 -1 -1 -1 -1 -1 -1 -1 -1 -1 -1 -1 -1 -1 -1 -1 -1 -1 -1 -1 -1 -1 -1 -1 -1 -1 -1 -1 -1 -1 -1 -1 -1 -1 -1 -1 -1 -1 -1 -1 -1 -1 -1 -1 -1 
22 22 1 2 23 23 22 -1 -1 -1 -1 -1 -1 -1 -1 -1 -1 -1 -1 -1 -1 -1 -1 -1 -1 -1 22 -1 23 -1 -1 -1 -1 -1 -1 -1 -1 -1 -1 23 -1 -1 -1 -1 -1 23 -1 -1 -1 -1 -1 -1 -1 -1 -1 -1 -1 -1 -1 -1 -1 -1 -1 -1 -1 -1 -1 -1 -1 -1 -1 -1 -1 -1 -1 -1 -1 -1 -1 -1 -1 -1 -1 -1 -1 -1 -1 -1 -1 -1 -1 -1 -1 -1 -1 -1 -1 -1 -1 -1 -1 -1 -1 -1 -1 -1 -1 -1 -1 -1 -1 -1 -1 -1 -1 -1 -1 -1 -1 -1 -1 -1 -1 -1 -1 -1 -1 -1 23 -1 -1 -1 23 -1 -1 -1 -1 -1 -1 -1 -1 
23 23 23 23 3 4 23 -1 -1 -1 -1 -1 -1 -1 -1 -1 -1 -1 -1 -1 -1 -1 -1 -1 -1 -1 23 23 -1 -1 -1 -1 -1 24 -1 -1 24 -1 -1 24 -1 -1 24 -1 -1 24 -1 -1 24 -1 -1 24 -1 -1 -1 -1 -1 -1 -1 -1 -1 -1 -1 -1 -1 -1 -1 -1 -1 -1 -1 -1 -1 -1 -1 -1 -1 -1 -1 -1 -1 -1 -1 -1 -1 -1 -1 -1 -1 -1 -1 -1 -1 -1 -1 -1 -1 -1 -1 -1 -1 -1 -1 -1 -1 -1 -1 -1 -1 -1 -1 24 -1 -1 24 -1 -1 24 -1 -1 -1 -1 -1 -1 -1 -1 -1 -1 24 -1 -1 -1 24 -1 -1 -1 -1 -1 -1 -1 -1 
47 47 -1 -1 -1 -1 47 26 27 48 48 -1 -1 -1 -1 -1 -1 -1 -1 -1 -1 -1 -1 -1 -1 -1 47 -1 -1 -1 48 -1 -1 -1 -1 -1 -1 -1 -1 -1 -1 -1 -1 -1 -1 -1 -1 -1 -1 -1 -1 -1 -1 48 -1 -1 -1 -1 -1 48 -1 -1 -1 -1 -1 -1 -1 -1 -1 -1 -1 -1 -1 -1 -1 -1 -1 -1 -1 -1 -1 -1 -1 -1 -1 -1 -1 -1 -1 -1 -1 -1 -1 -1 -1 -1 -1 -1 -1 -1 -1 -1 -1 -1 -1 -1 -1 -1 -1 -1 -1 -1 -1 -1 -1 -1 -1 -1 -1 -1 -1 -1 -1 -1 -1 -1 -1 -1 -1 48 -1 -1 -1 -1 48 -1 -1 -1 -1 -1 -1 
48 48 -1 -1 -1 -1 48 48 48 28 29 -1 -1 -1 -1 -1 -1 -1 -1 -1 -1 -1 -1 -1 -1 -1 48 -1 -1 48 -1 -1 49 -1 -1 49 -1 -1 -1 -1 -1 -1 -1 -1 -1 -1 -1 -1 -1 -1 49 -1 -1 49 -1 -1 49 -1 -1 49 -1 -1 49 -1 -1 -1 -1 -1 -1 -1 -1 -1 -1 -1 -1 -1 -1 -1 -1 -1 -1 -1 -1 -1 -1 -1 -1 -1 -1 -1 -1 -1 -1 -1 -1 -1 -1 -1 -1 -1 -1 -1 -1 -1 -1 -1 -1 -1 -1 -1 49 -1 -1 -1 -1 -1 -1 -1 -1 49 -1 -1 49 -1 -1 -1 -1 -1 -1 49 -1 -1 -1 -1 49 -1 -1 -1 -1 -1 -1 
-1 -1 -1 -1 -1 -1 -1 -1 -1 -1 -1 -1 -1 -1 -1 -1 -1 -1 40 42 44 44 15 17 19 19 -1 -1 -1 -1 -1 -1 -1 -1 -1 -1 -1 -1 -1 -1 -1 -1 -1 -1 -1 -1 -1 -1 -1 -1 -1 -1 -1 -1 -1 -1 -1 -1 -1 -1 -1 -1 -1 -1 -1 -1 -1 -1 -1 -1 -1 -1 -1 -1 -1 -1 -1 -1 -1 -1 -1 -1 -1 -1 -1 -1 -1 -1 -1 -1 -1 -1 -1 -1 -1 -1 -1 -1 -1 -1 -1 -1 -1 -1 -1 -1 -1 -1 -1 -1 -1 -1 -1 -1 -1 -1 -1 -1 -1 -1 -1 -1 -1 -1 -1 -1 -1 -1 -1 -1 -1 -1 -1 -1 -1 -1 -1 -1 -1 -1 -1 
152 152 152 152 152 152 152 152 152 152 152 152 152 152 152 152 152 152 152 152 152 152 152 152 152 152 152 152 152 152 152 152 -1 152 152 152 152 152 152 152 152 152 152 152 152 152 152 152 152 152 152 152 152 152 152 152 152 152 152 152 152 152 152 152 152 152 152 152 152 152 152 152 152 152 152 152 152 152 152 152 152 152 152 152 152 152 152 152 152 152 152 152 152 152 152 152 152 152 152 152 152 152 152 152 152 152 152 152 152 152 152 152 152 152 152 152 152 152 152 152 152 152 152 152 152 152 152 152 152 152 152 152 152 152 152 152 152 152 152 152 152 
101 101 101 101 101 101 101 101 101 101 101 101 101 101 101 101 101 101 101 101 101 101 101 101 101 101 101 101 101 101 101 101 101 -1 101 101 101 101 101 101 101 101 101 101 101 101 101 101 101 101 101 101 101 101 101 101 101 101 101 101 101 101 101 101 101 101 101 101 101 101 101 101 101 101 101 101 101 101 101 101 101 101 101 101 101 101 101 101 101 101 101 101 101 101 101 101 101 101 101 101 101 101 101 101 101 101 101 101 101 101 101 101 101 101 101 101 101 101 101 101 101 101 101 101 101 101 101 101 101 101 101 101 101 101 101 101 101 101 101 101 101 
203 203 203 203 203 203 203 203 203 203 203 203 203 203 203 203 203 203 203 203 203 203 203 203 203 203 203 203 203 203 203 203 203 203 -1 203 203 203 203 203 203 203 203 203 203 203 203 203 203 203 203 203 203 203 203 203 203 203 203 203 203 203 203 203 203 203 203 203 203 203 203 203 203 203 203 203 203 203 203 203 203 203 203 203 203 203 203 203 203 203 203 203 203 203 203 203 203 203 203 203 203 203 203 203 203 203 203 203 203 203 203 203 203 203 203 203 203 203 203 203 203 203 203 203 203 203 203 203 203 203 203 203 203 203 203 203 203 203 203 203 203 
-1 -1 -1 -1 -1 -1 -1 -1 -1 -1 -1 -1 -1 -1 -1 -1 -1 -1 -1 -1 -1 -1 -1 -1 -1 -1 -1 -1 -1 -1 -1 -1 152 -1 -1 -1 -1 -1 -1 -1 -1 -1 -1 -1 -1 -1 -1 -1 -1 -1 -1 -1 -1 -1 -1 -1 -1 -1 -1 -1 -1 -1 -1 -1 -1 -1 -1 -1 -1 -1 -1 -1 -1 -1 -1 -1 -1 -1 -1 -1 -1 -1 -1 -1 -1 -1 -1 -1 -1 -1 -1 -1 -1 -1 -1 -1 -1 -1 -1 -1 -1 -1 -1 -1 -1 -1 -1 -1 -1 -1 -1 -1 -1 -1 -1 -1 -1 -1 -1 -1 -1 -1 -1 -1 -1 -1 -1 -1 -1 -1 -1 -1 -1 -1 -1 -1 -1 -1 -1 -1 -1 
-1 -1 -1 -1 -1 -1 -1 -1 -1 -1 -1 -1 -1 -1 -1 -1 -1 -1 -1 -1 -1 -1 -1 -1 -1 -1 -1 -1 -1 -1 -1 -1 -1 101 -1 -1 -1 -1 -1 -1 -1 -1 -1 -1 -1 -1 -1 -1 -1 -1 -1 -1 -1 -1 -1 -1 -1 -1 -1 -1 -1 -1 -1 -1 -1 -1 -1 -1 -1 -1 -1 -1 -1 -1 -1 -1 -1 -1 -1 -1 -1 -1 -1 -1 -1 -1 -1 -1 -1 -1 -1 -1 -1 -1 -1 -1 -1 -1 -1 -1 -1 -1 -1 -1 -1 -1 -1 -1 -1 -1 -1 -1 -1 -1 -1 -1 -1 -1 -1 -1 -1 -1 -1 -1 -1 -1 -1 -1 -1 -1 -1 -1 -1 -1 -1 -1 -1 -1 -1 -1 -1 
-1 -1 -1 -1 -1 -1 -1 -1 -1 -1 -1 -1 -1 -1 -1 -1 -1 -1 -1 -1 -1 -1 -1 -1 -1 -1 -1 -1 -1 -1 -1 -1 -1 -1 203 -1 -1 -1 -1 -1 -1 -1 -1 -1 -1 -1 -1 -1 -1 -1 -1 -1 -1 -1 -1 -1 -1 -1 -1 -1 -1 -1 -1 -1 -1 -1 -1 -1 -1 -1 -1 -1 -1 -1 -1 -1 -1 -1 -1 -1 -1 -1 -1 -1 -1 -1 -1 -1 -1 -1 -1 -1 -1 -1 -1 -1 -1 -1 -1 -1 -1 -1 -1 -1 -1 -1 -1 -1 -1 -1 -1 -1 -1 -1 -1 -1 -1 -1 -1 -1 -1 -1 -1 -1 -1 -1 -1 -1 -1 -1 -1 -1 -1 -1 -1 -1 -1 -1 -1 -1 -1 
103 103 103 103 103 103 103 103 103 103 103 103 103 103 103 103 103 103 103 103 103 103 103 103 103 103 103 103 103 103 103 103 103 103 103 103 103 103 -1 103 103 103 103 103 103 103 103 103 103 103 103 103 103 103 103 103 103 103 103 103 103 103 103 103 103 103 103 103 103 103 103 103 103 103 103 103 103 103 103 103 103 103 103 103 103 103 103 103 103 103 103 103 103 103 103 103 103 103 103 103 103 103 103 103 103 103 103 103 103 103 103 103 103 103 103 103 103 103 103 103 103 103 103 103 103 103 103 103 103 103 103 103 103 103 103 103 103 103 103 103 103 
52 52 52 52 52 52 52 52 52 52 52 52 52 52 52 52 52 52 52 52 52 52 52 52 52 52 52 52 52 52 52 52 52 52 52 52 52 52 52 -1 52 52 52 52 52 52 52 52 52 52 52 52 52 52 52 52 52 52 52 52 52 52 52 52 52 52 52 52 52 52 52 52 52 52 52 52 52 52 52 52 52 52 52 52 52 52 52 52 52 52 52 52 52 52 52 52 52 52 52 52 52 52 52 52 52 52 52 52 52 52 52 52 52 52 52 52 52 52 52 52 52 52 52 52 52 52 52 52 52 52 52 52 52 52 52 52 52 52 52 52 52 
154 154 154 154 154 154 154 154 154 154 154 154 154 154 154 154 154 154 154 154 154 154 154 154 154 154 154 154 154 154 154 154 154 154 154 154 154 154 154 154 -1 154 154 154 154 154 154 154 154 154 154 154 154 154 154 154 154 154 154 154 154 154 154 154 154 154 154 154 154 154 154 154 154 154 154 154 154 154 154 154 154 154 154 154 154 154 154 154 154 154 154 154 154 154 154 154 154 154 154 154 154 154 154 154 154 154 154 154 154 154 154 154 154 154 154 154 154 154 154 154 154 154 154 154 154 154 154 154 154 154 154 154 154 154 154 154 154 154 154 154 154 
104 104 104 104 104 104 104 104 104 104 104 104 104 104 104 104 104 104 104 104 104 104 104 104 104 104 104 104 104 104 104 104 104 104 104 104 104 104 104 104 104 -1 104 104 104 104 104 104 104 104 104 104 104 104 104 104 104 104 104 104 104 104 104 104 104 104 104 104 104 104 104 104 104 104 104 104 104 104 104 104 104 104 104 104 104 104 104 104 104 104 104 104 104 104 104 104 104 104 104 104 104 104 104 104 104 104 104 104 104 104 104 104 104 104 104 104 104 104 104 104 104 104 104 104 104 104 104 104 104 104 104 104 104 104 104 104 104 104 104 104 104 
53 53 53 53 53 53 53 53 53 53 53 53 53 53 53 53 53 53 53 53 53 53 53 53 53 53 53 53 53 53 53 53 53 53 53 53 53 53 53 53 53 53 -1 53 53 53 53 53 53 53 53 53 53 53 53 53 53 53 53 53 53 53 53 53 53 53 53 53 53 53 53 53 53 53 53 53 53 53 53 53 53 53 53 53 53 53 53 53 53 53 53 53 53 53 53 53 53 53 53 53 53 53 53 53 53 53 53 53 53 53 53 53 53 53 53 53 53 53 53 53 53 53 53 53 53 53 53 53 53 53 53 53 53 53 53 53 53 53 53 53 53 
155 155 155 155 155 155 155 155 155 155 155 155 155 155 155 155 155 155 155 155 155 155 155 155 155 155 155 155 155 155 155 155 155 155 155 155 155 155 155 155 155 155 155 -1 155 155 155 155 155 155 155 155 155 155 155 155 155 155 155 155 155 155 155 155 155 155 155 155 155 155 155 155 155 155 155 155 155 155 155 155 155 155 155 155 155 155 155 155 155 155 155 155 155 155 155 155 155 155 155 155 155 155 155 155 155 155 155 155 155 155 155 155 155 155 155 155 155 155 155 155 155 155 155 155 155 155 155 155 155 155 155 155 155 155 155 155 155 155 155 155 155 
105 105 105 105 105 105 105 105 105 105 105 105 105 105 105 105 105 105 105 105 105 105 105 105 105 105 105 105 105 105 105 105 105 105 105 105 105 105 105 105 105 105 105 105 -1 105 105 105 105 105 105 105 105 105 105 105 105 105 105 105 105 105 105 105 105 105 105 105 105 105 105 105 105 105 105 105 105 105 105 105 105 105 105 105 105 105 105 105 105 105 105 105 105 105 105 105 105 105 105 105 105 105 105 105 105 105 105 105 105 105 105 105 105 105 105 105 105 105 105 105 105 105 105 105 105 105 105 105 105 105 105 105 105 105 105 105 105 105 105 105 105 
54 54 54 54 54 54 54 54 54 54 54 54 54 54 54 54 54 54 54 54 54 54 54 54 54 54 54 54 54 54 54 54 54 54 54 54 54 54 54 54 54 54 54 54 54 -1 54 54 54 54 54 54 54 54 54 54 54 54 54 54 54 54 54 54 54 54 54 54 54 54 54 54 54 54 54 54 54 54 54 54 54 54 54 54 54 54 54 54 54 54 54 54 54 54 54 54 54 54 54 54 54 54 54 54 54 54 54 54 54 54 54 54 54 54 54 54 54 54 54 54 54 54 54 54 54 54 54 54 54 54 54 54 54 54 54 54 54 54 54 54 54 
156 156 156 156 156 156 156 156 156 156 156 156 156 156 156 156 156 156 156 156 156 156 156 156 156 156 156 156 156 156 156 156 156 156 156 156 156 156 156 156 156 156 156 156 156 156 -1 156 156 156 156 156 156 156 156 156 156 156 156 156 156 156 156 156 156 156 156 156 156 156 156 156 156 156 156 156 156 156 156 156 156 156 156 156 156 156 156 156 156 156 156 156 156 156 156 156 156 156 156 156 156 156 156 156 156 156 156 156 156 156 156 156 156 156 156 156 156 156 156 156 156 156 156 156 156 156 156 156 156 156 156 156 156 156 156 156 156 156 156 156 156 
106 106 106 106 106 106 106 106 106 106 106 106 106 106 106 106 106 106 106 106 106 106 106 106 106 106 106 106 106 106 106 106 106 106 106 106 106 106 106 106 106 106 106 106 106 106 106 -1 106 106 106 106 106 106 106 106 106 106 106 106 106 106 106 106 106 106 106 106 106 106 106 106 106 106 106 106 106 106 106 106 106 106 106 106 106 106 106 106 106 106 106 106 106 106 106 106 106 106 106 106 106 106 106 106 106 106 106 106 106 106 106 106 106 106 106 106 106 106 106 106 106 106 106 106 106 106 106 106 106 106 106 106 106 106 106 106 106 106 106 106 106 
55 55 55 55 55 55 55 55 55 55 55 55 55 55 55 55 55 55 55 55 55 55 55 55 55 55 55 55 55 55 55 55 55 55 55 55 55 55 55 55 55 55 55 55 55 55 55 55 -1 55 55 55 55 55 55 55 55 55 55 55 55 55 55 55 55 55 55 55 55 55 55 55 55 55 55 55 55 55 55 55 55 55 55 55 55 55 55 55 55 55 55 55 55 55 55 55 55 55 55 55 55 55 55 55 55 55 55 55 55 55 55 55 55 55 55 55 55 55 55 55 55 55 55 55 55 55 55 55 55 55 55 55 55 55 55 55 55 55 55 55 55 
157 157 157 157 157 157 157 157 157 157 157 157 157 157 157 157 157 157 157 157 157 157 157 157 157 157 157 157 157 157 157 157 157 157 157 157 157 157 157 157 157 157 157 157 157 157 157 157 157 -1 157 157 157 157 157 157 157 157 157 157 157 157 157 157 157 157 157 157 157 157 157 157 157 157 157 157 157 157 157 157 157 157 157 157 157 157 157 157 157 157 157 157 157 157 157 157 157 157 157 157 157 157 157 157 157 157 157 157 157 157 157 157 157 157 157 157 157 157 157 157 157 157 157 157 157 157 157 157 157 157 157 157 157 157 157 157 157 157 157 157 157 
-1 -1 -1 -1 -1 -1 -1 -1 -1 -1 -1 -1 -1 -1 -1 -1 -1 -1 -1 -1 -1 -1 -1 -1 -1 -1 -1 -1 -1 -1 -1 -1 152 -1 -1 -1 -1 -1 -1 -1 -1 -1 -1 -1 -1 -1 -1 -1 -1 -1 -1 -1 -1 -1 -1 -1 -1 -1 -1 -1 -1 -1 -1 -1 -1 -1 -1 -1 -1 -1 -1 -1 -1 -1 -1 -1 -1 -1 -1 -1 -1 -1 -1 -1 -1 -1 -1 -1 -1 -1 -1 -1 -1 -1 -1 -1 -1 -1 -1 -1 -1 -1 -1 -1 -1 -1 -1 -1 -1 -1 -1 -1 -1 -1 -1 -1 -1 -1 -1 -1 -1 -1 -1 -1 -1 -1 -1 -1 -1 -1 -1 -1 -1 -1 -1 -1 -1 -1 -1 -1 -1 
-1 -1 -1 -1 -1 -1 -1 -1 -1 -1 -1 -1 -1 -1 -1 -1 -1 -1 -1 -1 -1 -1 -1 -1 -1 -1 -1 -1 -1 -1 -1 -1 -1 101 -1 -1 -1 -1 -1 -1 -1 -1 -1 -1 -1 -1 -1 -1 -1 -1 -1 -1 -1 -1 -1 -1 -1 -1 -1 -1 -1 -1 -1 -1 -1 -1 -1 -1 -1 -1 -1 -1 -1 -1 -1 -1 -1 -1 -1 -1 -1 -1 -1 -1 -1 -1 -1 -1 -1 -1 -1 -1 -1 -1 -1 -1 -1 -1 -1 -1 -1 -1 -1 -1 -1 -1 -1 -1 -1 -1 -1 -1 -1 -1 -1 -1 -1 -1 -1 -1 -1 -1 -1 -1 -1 -1 -1 -1 -1 -1 -1 -1 -1 -1 -1 -1 -1 -1 -1 -1 -1 
-1 -1 -1 -1 -1 -1 -1 -1 -1 -1 -1 -1 -1 -1 -1 -1 -1 -1 -1 -1 -1 -1 -1 -1 -1 -1 -1 -1 -1 -1 -1 -1 -1 -1 203 -1 -1 -1 -1 -1 -1 -1 -1 -1 -1 -1 -1 -1 -1 -1 -1 -1 -1 -1 -1 -1 -1 -1 -1 -1 -1 -1 -1 -1 -1 -1 -1 -1 -1 -1 -1 -1 -1 -1 -1 -1 -1 -1 -1 -1 -1 -1 -1 -1 -1 -1 -1 -1 -1 -1 -1 -1 -1 -1 -1 -1 -1 -1 -1 -1 -1 -1 -1 -1 -1 -1 -1 -1 -1 -1 -1 -1 -1 -1 -1 -1 -1 -1 -1 -1 -1 -1 -1 -1 -1 -1 -1 -1 -1 -1 -1 -1 -1 -1 -1 -1 -1 -1 -1 -1 -1 
128 128 128 128 128 128 128 128 128 128 128 128 128 128 128 128 128 128 128 128 128 128 128 128 128 128 128 128 128 128 128 128 128 128 128 128 128 128 128 128 128 128 128 128 128 128 128 128 128 128 128 128 128 -1 128 128 128 128 128 128 128 128 128 128 128 128 128 128 128 128 128 128 128 128 128 128 128 128 128 128 128 128 128 128 128 128 128 128 128 128 128 128 128 128 128 128 128 128 128 128 128 128 128 128 128 128 128 128 128 128 128 128 128 128 128 128 128 128 128 128 128 128 128 128 128 128 128 128 128 128 128 128 128 128 128 128 128 128 128 128 128 
77 77 77 77 77 77 77 77 77 77 77 77 77 77 77 77 77 77 77 77 77 77 77 77 77 77 77 77 77 77 77 77 77 77 77 77 77 77 77 77 77 77 77 77 77 77 77 77 77 77 77 77 77 77 -1 77 77 77 77 77 77 77 77 77 77 77 77 77 77 77 77 77 77 77 77 77 77 77 77 77 77 77 77 77 77 77 77 77 77 77 77 77 77 77 77 77 77 77 77 77 77 77 77 77 77 77 77 77 77 77 77 77 77 77 77 77 77 77 77 77 77 77 77 77 77 77 77 77 77 77 77 77 77 77 77 77 77 77 77 77 77 
179 179 179 179 179 179 179 179 179 179 179 179 179 179 179 179 179 179 179 179 179 179 179 179 179 179 179 179 179 179 179 179 179 179 179 179 179 179 179 179 179 179 179 179 179 179 179 179 179 179 179 179 179 179 179 -1 179 179 179 179 179 179 179 179 179 179 179 179 179 179 179 179 179 179 179 179 179 179 179 179 179 179 179 179 179 179 179 179 179 179 179 179 179 179 179 179 179 179 179 179 179 179 179 179 179 179 179 179 179 179 179 179 179 179 179 179 179 179 179 179 179 179 179 179 179 179 179 179 179 179 179 179 179 179 179 179 179 179 179 179 179 
129 129 129 129 129 129 129 129 129 129 129 129 129 129 129 129 129 129 129 129 129 129 129 129 129 129 129 129 129 129 129 129 129 129 129 129 129 129 129 129 129 129 129 129 129 129 129 129 129 129 129 129 129 129 129 129 -1 129 129 129 129 129 129 129 129 129 129 129 129 129 129 129 129 129 129 129 129 129 129 129 129 129 129 129 129 129 129 129 129 129 129 129 129 129 129 129 129 129 129 129 129 129 129 129 129 129 129 129 129 129 129 129 129 129 129 129 129 129 129 129 129 129 129 129 129 129 129 129 129 129 129 129 129 129 129 129 129 129 129 129 129 
78 78 78 78 78 78 78 78 78 78 78 78 78 78 78 78 78 78 78 78 78 78 78 78 78 78 78 78 78 78 78 78 78 78 78 78 78 78 78 78 78 78 78 78 78 78 78 78 78 78 78 78 78 78 78 78 78 -1 78 78 78 78 78 78 78 78 78 78 78 78 78 78 78 78 78 78 78 78 78 78 78 78 78 78 78 78 78 78 78 78 78 78 78 78 78 78 78 78 78 78 78 78 78 78 78 78 78 78 78 78 78 78 78 78 78 78 78 78 78 78 78 78 78 78 78 78 78 78 78 78 78 78 78 78 78 78 78 78 78 78 78 
180 180 180 180 180 180 180 180 180 180 180 180 180 180 180 180 180 180 180 180 180 180 180 180 180 180 180 180 180 180 180 180 180 180 180 180 180 180 180 180 180 180 180 180 180 180 180 180 180 180 180 180 180 180 180 180 180 180 -1 180 180 180 180 180 180 180 180 180 180 180 180 180 180 180 180 180 180 180 180 180 180 180 180 180 180 180 180 180 180 180 180 180 180 180 180 180 180 180 180 180 180 180 180 180 180 180 180 180 180 180 180 180 180 180 180 180 180 180 180 180 180 180 180 180 180 180 180 180 180 180 180 180 180 180 180 180 180 180 180 180 180 
130 130 130 130 130 130 130 130 130 130 130 130 130 130 130 130 130 130 130 130 130 130 130 130 130 130 130 130 130 130 130 130 130 130 130 130 130 130 130 130 130 130 130 130 130 130 130 130 130 130 130 130 130 130 130 130 130 130 130 -1 130 130 130 130 130 130 130 130 130 130 130 130 130 130 130 130 130 130 130 130 130 130 130 130 130 130 130 130 130 130 130 130 130 130 130 130 130 130 130 130 130 130 130 130 130 130 130 130 130 130 130 130 130 130 130 130 130 130 130 130 130 130 130 130 130 130 130 130 130 130 130 130 130 130 130 130 130 130 130 130 130 
79 79 79 79 79 79 79 79 79 79 79 79 79 79 79 79 79 79 79 79 79 79 79 79 79 79 79 79 79 79 79 79 79 79 79 79 79 79 79 79 79 79 79 79 79 79 79 79 79 79 79 79 79 79 79 79 79 79 79 79 -1 79 79 79 79 79 79 79 79 79 79 79 79 79 79 79 79 79 79 79 79 79 79 79 79 79 79 79 79 79 79 79 79 79 79 79 79 79 79 79 79 79 79 79 79 79 79 79 79 79 79 79 79 79 79 79 79 79 79 79 79 79 79 79 79 79 79 79 79 79 79 79 79 79 79 79 79 79 79 79 79 
181 181 181 181 181 181 181 181 181 181 181 181 181 181 181 181 181 181 181 181 181 181 181 181 181 181 181 181 181 181 181 181 181 181 181 181 181 181 181 181 181 181 181 181 181 181 181 181 181 181 181 181 181 181 181 181 181 181 181 181 181 -1 181 181 181 181 181 181 181 181 181 181 181 181 181 181 181 181 181 181 181 181 181 181 181 181 181 181 181 181 181 181 181 181 181 181 181 181 181 181 181 181 181 181 181 181 181 181 181 181 181 181 181 181 181 181 181 181 181 181 181 181 181 181 181 181 181 181 181 181 181 181 181 181 181 181 181 181 181 181 181 
131 131 131 131 131 131 131 131 131 131 131 131 131 131 131 131 131 131 131 131 131 131 131 131 131 131 131 131 131 131 131 131 131 131 131 131 131 131 131 131 131 131 131 131 131 131 131 131 131 131 131 131 131 131 131 131 131 131 131 131 131 131 -1 131 131 131 131 131 131 131 131 131 131 131 131 131 131 131 131 131 131 131 131 131 131 131 131 131 131 131 131 131 131 131 131 131 131 131 131 131 131 131 131 131 131 131 131 131 131 131 131 131 131 131 131 131 131 131 131 131 131 131 131 131 131 131 131 131 131 131 131 131 131 131 131 131 131 131 131 131 131 
80 80 80 80 80 80 80 80 80 80 80 80 80 80 80 80 80 80 80 80 80 80 80 80 80 80 80 80 80 80 80 80 80 80 80 80 80 80 80 80 80 80 80 80 80 80 80 80 80 80 80 80 80 80 80 80 80 80 80 80 80 80 80 -1 80 80 80 80 80 80 80 80 80 80 80 80 80 80 80 80 80 80 80 80 80 80 80 80 80 80 80 80 80 80 80 80 80 80 80 80 80 80 80 80 80 80 80 80 80 80 80 80 80 80 80 80 80 80 80 80 80 80 80 80 80 80 80 80 80 80 80 80 80 80 80 80 80 80 80 80 80 
182 182 182 182 182 182 182 182 182 182 182 182 182 182 182 182 182 182 182 182 182 182 182 182 182 182 182 182 182 182 182 182 182 182 182 182 182 182 182 182 182 182 182 182 182 182 182 182 182 182 182 182 182 182 182 182 182 182 182 182 182 182 182 182 -1 182 182 182 182 182 182 182 182 182 182 182 182 182 182 182 182 182 182 182 182 182 182 182 182 182 182 182 182 182 182 182 182 182 182 182 182 182 182 182 182 182 182 182 182 182 182 182 182 182 182 182 182 182 182 182 182 182 182 182 182 182 182 182 182 182 182 182 182 182 182 182 182 182 182 182 182 
-1 -1 108 -1 -1 -1 -1 -1 -1 -1 -1 -1 -1 -1 -1 -1 -1 -1 -1 -1 -1 -1 -1 -1 -1 -1 -1 -1 -1 -1 -1 -1 -1 -1 -1 -1 -1 -1 107 -1 -1 -1 -1 -1 -1 -1 -1 -1 -1 -1 -1 -1 -1 132 -1 133 -1 -1 -1 -1 -1 -1 -1 -1 -1 -1 -1 -1 -1 -1 -1 -1 -1 -1 -1 -1 -1 -1 -1 -1 -1 -1 -1 -1 -1 -1 -1 -1 -1 -1 -1 -1 -1 -1 -1 -1 -1 -1 -1 -1 -1 -1 -1 -1 -1 -1 -1 -1 -1 -1 -1 -1 -1 -1 -1 -1 -1 -1 -1 -1 -1 -1 -1 -1 -1 -1 -1 -1 -1 -1 -1 -1 -1 -1 -1 -1 -1 -1 -1 -1 -1 
-1 -1 -1 -1 -1 -1 -1 82 -1 -1 -1 -1 -1 -1 -1 -1 -1 -1 -1 -1 -1 -1 -1 -1 -1 -1 -1 -1 -1 -1 -1 -1 -1 -1 -1 -1 -1 -1 -1 56 57 -1 -1 -1 -1 -1 -1 -1 -1 -1 -1 -1 -1 -1 81 -1 -1 -1 -1 -1 -1 -1 -1 -1 -1 -1 -1 -1 -1 -1 -1 -1 -1 -1 -1 -1 -1 -1 -1 -1 -1 -1 -1 -1 -1 -1 -1 -1 -1 -1 -1 -1 -1 -1 -1 -1 -1 -1 -1 -1 -1 -1 -1 -1 -1 -1 -1 -1 -1 -1 -1 -1 -1 -1 -1 -1 -1 -1 -1 -1 -1 -1 -1 -1 -1 -1 -1 -1 -1 -1 -1 -1 -1 -1 -1 -1 -1 -1 -1 -1 -1 
-1 -1 -1 -1 -1 -1 -1 -1 -1 -1 -1 -1 -1 -1 -1 -1 -1 -1 -1 -1 -1 -1 -1 -1 -1 -1 -1 -1 -1 -1 -1 -1 -1 -1 -1 -1 -1 -1 -1 159 158 -1 -1 -1 -1 -1 -1 -1 -1 -1 -1 -1 -1 184 -1 183 -1 -1 -1 -1 -1 -1 -1 -1 -1 -1 -1 -1 -1 -1 -1 -1 -1 -1 -1 -1 -1 -1 -1 -1 -1 -1 -1 -1 -1 -1 -1 -1 -1 -1 -1 -1 -1 -1 -1 -1 -1 -1 -1 -1 -1 -1 -1 -1 -1 -1 -1 -1 -1 -1 -1 -1 -1 -1 -1 -1 -1 -1 -1 -1 -1 -1 -1 -1 -1 -1 -1 -1 -1 -1 -1 -1 -1 -1 -1 -1 -1 -1 -1 -1 -1 
-1 -1 109 -1 -1 -1 -1 -1 -1 -1 -1 -1 -1 -1 -1 -1 -1 -1 -1 -1 -1 -1 -1 -1 -1 -1 -1 -1 -1 -1 -1 -1 -1 -1 -1 -1 -1 -1 108 -1 -1 -1 -1 -1 -1 -1 -1 -1 -1 -1 -1 -1 -1 -1 -1 -1 136 -1 137 -1 -1 -1 -1 -1 -1 -1 -1 -1 -1 -1 137 -1 -1 -1 -1 -1 -1 -1 -1 -1 -1 -1 -1 -1 -1 -1 -1 -1 -1 -1 -1 -1 -1 -1 -1 -1 -1 -1 137 -1 137 -1 -1 -1 -1 -1 -1 -1 -1 -1 -1 -1 -1 -1 -1 -1 -1 -1 -1 -1 -1 -1 -1 -1 -1 -1 -1 -1 -1 -1 -1 -1 -1 -1 -1 -1 -1 -1 -1 -1 -1 
-1 -1 -1 -1 -1 -1 -1 -1 86 -1 -1 -1 86 -1 -1 -1 -1 -1 -1 -1 -1 -1 86 -1 -1 -1 -1 -1 -1 -1 -1 -1 -1 -1 -1 -1 -1 -1 -1 57 58 -1 -1 -1 -1 -1 -1 -1 -1 -1 -1 -1 -1 -1 -1 -1 -1 85 -1 -1 -1 -1 -1 -1 -1 -1 -1 -1 -1 -1 -1 -1 -1 -1 -1 -1 -1 -1 -1 -1 -1 -1 -1 -1 -1 -1 -1 -1 -1 -1 -1 -1 -1 -1 -1 -1 -1 -1 -1 86 -1 -1 -1 -1 -1 -1 -1 -1 -1 -1 -1 -1 -1 -1 -1 -1 -1 -1 -1 -1 -1 -1 -1 -1 -1 -1 -1 -1 -1 -1 -1 -1 -1 -1 -1 -1 -1 -1 -1 -1 -1 
-1 -1 -1 -1 -1 -1 -1 -1 -1 -1 -1 -1 -1 -1 -1 -1 -1 -1 -1 -1 -1 -1 -1 -1 -1 -1 -1 -1 -1 -1 -1 -1 -1 -1 -1 -1 -1 -1 -1 160 159 -1 -1 -1 -1 -1 -1 -1 -1 -1 -1 -1 -1 -1 -1 -1 188 -1 187 -1 -1 -1 -1 -1 -1 -1 -1 -1 188 -1 -1 -1 -1 -1 -1 -1 -1 -1 -1 -1 -1 -1 -1 -1 -1 -1 -1 -1 -1 -1 -1 -1 -1 -1 -1 -1 -1 -1 188 -1 188 -1 -1 -1 -1 -1 -1 -1 -1 -1 -1 -1 -1 -1 -1 -1 -1 -1 -1 -1 -1 -1 -1 -1 -1 -1 -1 -1 -1 -1 -1 -1 -1 -1 -1 -1 -1 -1 -1 -1 -1 
-1 -1 110 -1 -1 -1 -1 -1 -1 -1 -1 -1 -1 -1 -1 -1 -1 -1 -1 -1 -1 -1 -1 -1 -1 -1 -1 -1 -1 -1 -1 -1 -1 -1 -1 -1 -1 -1 109 -1 -1 -1 -1 -1 -1 -1 -1 -1 -1 -1 -1 -1 -1 -1 -1 -1 -1 -1 -1 138 -1 139 -1 139 139 -1 -1 -1 -1 -1 -1 -1 -1 -1 -1 -1 -1 -1 -1 -1 -1 -1 -1 -1 -1 -1 -1 -1 139 -1 -1 139 139 -1 139 -1 139 139 -1 -1 -1 139 -1 139 139 -1 139 139 -1 139 -1 -1 -1 -1 -1 -1 -1 -1 -1 -1 -1 -1 -1 -1 -1 -1 -1 -1 -1 -1 139 -1 -1 -1 -1 -1 -1 139 -1 -1 -1 
-1 -1 -1 -1 -1 -1 -1 -1 -1 88 88 -1 -1 -1 88 -1 -1 -1 88 88 88 88 -1 88 88 88 -1 -1 -1 -1 -1 -1 -1 -1 -1 -1 -1 -1 -1 58 59 -1 -1 -1 -1 -1 -1 -1 -1 -1 -1 -1 -1 -1 -1 -1 -1 -1 -1 -1 87 -1 -1 -1 -1 -1 -1 -1 -1 -1 -1 -1 -1 -1 -1 -1 -1 -1 -1 -1 -1 -1 -1 -1 -1 -1 -1 -1 -1 -1 -1 -1 -1 88 -1 88 -1 -1 -1 -1 -1 -1 88 -1 -1 88 -1 -1 88 -1 -1 -1 -1 -1 -1 -1 -1 -1 -1 -1 -1 -1 -1 -1 -1 -1 -1 -1 -1 88 -1 -1 -1 -1 88 -1 -1 -1 -1 -1 -1 
-1 -1 -1 -1 -1 -1 -1 -1 -1 -1 190 -1 -1 -1 -1 -1 -1 -1 -1 -1 -1 190 -1 -1 -1 -1 -1 -1 -1 -1 -1 -1 -1 -1 -1 -1 -1 -1 -1 161 160 -1 -1 -1 -1 -1 -1 -1 -1 -1 -1 -1 -1 -1 -1 -1 -1 -1 -1 190 -1 189 190 -1 -1 -1 -1 -1 -1 -1 -1 -1 -1 -1 190 -1 -1 -1 -1 -1 -1 -1 -1 -1 -1 -1 190 -1 -1 190 -1 -1 190 -1 190 190 -1 -1 -1 -1 -1 190 -1 190 190 -1 190 190 -1 190 -1 -1 -1 -1 -1 -1 -1 -1 -1 -1 -1 -1 -1 -1 -1 -1 -1 -1 -1 190 -1 -1 -1 -1 190 190 -1 -1 -1 -1 -1 
-1 -1 141 141 141 141 -1 -1 -1 -1 -1 -1 -1 -1 -1 141 141 141 141 141 141 141 141 141 141 141 -1 -1 141 -1 -1 141 -1 141 -1 -1 141 -1 -1 141 -1 110 141 110 110 141 -1 110 141 110 -1 141 -1 -1 141 -1 -1 141 -1 -1 141 -1 140 -1 -1 -1 141 -1 -1 141 -1 -1 141 -1 -1 -1 -1 110 141 -1 110 141 -1 110 141 -1 -1 -1 -1 -1 -1 -1 -1 -1 -1 -1 -1 -1 110 141 -1 -1 141 -1 -1 141 -1 -1 141 -1 -1 141 -1 -1 141 -1 110 141 -1 -1 141 -1 -1 -1 -1 -1 141 -1 141 -1 -1 110 -1 -1 -1 -1 -1 -1 -1 110 -1 
-1 -1 59 59 59 59 -1 -1 -1 -1 -1 -1 -1 -1 -1 -1 -1 59 -1 -1 -1 -1 -1 -1 -1 -1 -1 -1 59 -1 -1 -1 -1 -1 -1 -1 -1 -1 90 -1 90 -1 59 90 -1 59 90 90 59 90 -1 -1 -1 -1 -1 -1 -1 -1 -1 -1 -1 -1 -1 89 -1 -1 -1 -1 -1 -1 -1 -1 -1 -1 -1 -1 -1 90 59 90 90 59 90 90 59 90 -1 -1 90 -1 -1 90 -1 -1 90 -1 -1 90 -1 59 90 -1 -1 90 -1 -1 90 -1 -1 90 -1 -1 -1 -1 -1 -1 -1 59 90 -1 -1 -1 -1 -1 -1 -1 -1 90 59 -1 -1 90 59 -1 -1 -1 -1 -1 -1 -1 -1 
192 192 192 192 192 192 192 192 192 192 -1 192 192 192 -1 192 192 192 -1 -1 -1 -1 192 192 192 192 192 192 192 192 -1 192 -1 -1 -1 -1 -1 -1 161 192 -1 161 192 161 161 192 161 161 192 161 -1 -1 -1 -1 -1 -1 -1 -1 -1 -1 -1 -1 -1 -1 191 -1 -1 -1 -1 -1 -1 -1 -1 -1 -1 -1 -1 -1 192 161 -1 192 161 161 192 161 -1 192 -1 -1 192 -1 -1 192 -1 -1 192 -1 -1 192 161 -1 192 -1 -1 192 -1 -1 192 -1 -1 -1 -1 -1 -1 -1 161 192 161 -1 -1 -1 -1 -1 -1 -1 192 -1 192 -1 -1 161 -1 -1 -1 -1 -1 -1 -1 161 -1 
-1 -1 -1 112 -1 -1 -1 -1 -1 -1 -1 -1 -1 -1 -1 112 -1 -1 112 -1 -1 -1 -1 -1 -1 -1 -1 -1 -1 -1 -1 -1 -1 -1 -1 -1 -1 -1 -1 -1 -1 111 -1 -1 -1 -1 -1 -1 -1 -1 -1 -1 -1 133 -1 134 -1 -1 -1 -1 -1 -1 -1 -1 -1 -1 -1 -1 -1 -1 -1 -1 -1 -1 -1 -1 -1 -1 -1 -1 -1 -1 -1 -1 -1 -1 112 -1 -1 -1 -1 -1 -1 -1 -1 -1 -1 -1 -1 -1 -1 -1 -1 -1 -1 -1 -1 -1 -1 -1 -1 -1 -1 -1 -1 -1 -1 -1 -1 -1 -1 -1 -1 -1 -1 -1 -1 -1 -1 -1 -1 -1 -1 -1 -1 -1 -1 -1 -1 -1 -1 
-1 -1 -1 -1 -1 -1 -1 83 -1 -1 -1 -1 -1 -1 -1 -1 -1 -1 -1 -1 -1 -1 -1 -1 -1 -1 -1 -1 -1 -1 -1 -1 -1 -1 -1 -1 -1 -1 -1 -1 -1 -1 60 61 -1 -1 -1 -1 -1 -1 -1 -1 -1 -1 82 -1 -1 -1 -1 -1 -1 -1 -1 -1 -1 -1 -1 -1 -1 -1 -1 -1 -1 -1 -1 -1 -1 -1 -1 61 -1 -1 -1 -1 -1 -1 -1 61 61 -1 -1 -1 -1 -1 -1 -1 -1 -1 -1 -1 -1 -1 -1 -1 -1 -1 -1 -1 -1 -1 -1 -1 -1 -1 -1 -1 -1 -1 -1 -1 -1 -1 -1 -1 -1 -1 -1 -1 -1 -1 -1 -1 -1 -1 -1 -1 -1 -1 -1 -1 -1 
-1 -1 -1 -1 -1 -1 -1 -1 -1 -1 -1 -1 -1 -1 -1 -1 -1 -1 -1 -1 -1 -1 -1 -1 -1 -1 -1 -1 -1 -1 -1 -1 -1 -1 -1 -1 -1 -1 -1 -1 -1 -1 163 162 -1 -1 -1 -1 -1 -1 -1 -1 -1 185 -1 184 -1 -1 -1 -1 -1 -1 -1 -1 -1 -1 -1 -1 -1 -1 -1 -1 -1 -1 -1 -1 -1 -1 163 -1 -1 -1 -1 -1 -1 -1 -1 163 163 -1 -1 -1 -1 -1 -1 -1 -1 -1 -1 -1 -1 -1 -1 -1 -1 -1 -1 -1 -1 -1 -1 -1 -1 -1 -1 -1 -1 -1 -1 -1 -1 -1 -1 -1 -1 -1 -1 -1 -1 -1 -1 -1 -1 -1 -1 -1 -1 -1 -1 -1 -1 
-1 -1 -1 -1 114 114 -1 -1 -1 -1 -1 -1 -1 -1 -1 -1 -1 114 -1 114 114 114 114 114 114 114 -1 -1 -1 -1 -1 -1 -1 -1 -1 -1 -1 -1 -1 -1 -1 -1 -1 -1 113 -1 -1 -1 114 -1 -1 -1 -1 134 -1 135 -1 -1 -1 -1 -1 -1 -1 -1 -1 -1 -1 -1 -1 -1 -1 -1 -1 -1 -1 -1 -1 -1 -1 -1 -1 -1 -1 -1 -1 -1 -1 -1 -1 114 -1 -1 114 -1 -1 114 -1 -1 -1 -1 -1 -1 -1 -1 114 -1 -1 -1 114 -1 -1 -1 -1 -1 -1 -1 -1 -1 -1 -1 -1 -1 -1 -1 -1 -1 -1 -1 114 -1 -1 -1 114 114 -1 -1 -1 -1 -1 -1 -1 
-1 -1 -1 -1 -1 -1 -1 84 -1 -1 -1 -1 -1 -1 -1 -1 -1 -1 -1 -1 -1 -1 -1 -1 -1 -1 -1 -1 -1 -1 -1 -1 -1 -1 -1 -1 -1 -1 -1 -1 -1 -1 -1 -1 -1 62 63 -1 -1 63 -1 -1 -1 -1 83 -1 -1 -1 -1 -1 -1 -1 -1 -1 -1 -1 -1 -1 -1 -1 -1 -1 -1 -1 -1 -1 -1 -1 -1 -1 -1 -1 -1 -1 -1 -1 -1 -1 -1 -1 63 63 -1 63 63 -1 63 63 -1 -1 63 -1 -1 63 -1 63 63 63 -1 63 -1 -1 -1 -1 -1 -1 -1 -1 -1 -1 -1 -1 -1 -1 -1 -1 -1 -1 -1 -1 -1 63 -1 -1 -1 -1 -1 -1 -1 63 -1 
-1 -1 -1 -1 -1 165 -1 -1 -1 -1 -1 -1 -1 -1 -1 -1 -1 -1 -1 -1 -1 -1 -1 -1 -1 165 -1 -1 -1 -1 -1 -1 -1 -1 -1 -1 -1 -1 -1 -1 -1 -1 -1 -1 -1 165 164 -1 165 -1 -1 -1 -1 186 -1 185 -1 -1 -1 -1 -1 -1 -1 -1 -1 -1 -1 -1 -1 -1 -1 -1 -1 -1 -1 -1 -1 -1 -1 -1 -1 -1 -1 -1 165 -1 -1 -1 -1 -1 165 165 -1 165 165 -1 165 165 -1 165 -1 -1 165 -1 -1 165 165 -1 165 -1 -1 -1 -1 -1 -1 -1 -1 -1 -1 -1 -1 -1 -1 -1 -1 -1 -1 -1 165 -1 -1 -1 165 165 -1 -1 -1 -1 -1 -1 -1 
-1 -1 -1 -1 -1 -1 -1 135 135 135 135 -1 -1 -1 135 -1 -1 -1 -1 -1 -1 -1 -1 -1 -1 -1 -1 -1 -1 -1 135 -1 -1 116 -1 -1 116 -1 -1 116 -1 -1 116 -1 -1 116 -1 115 -1 -1 -1 116 -1 -1 116 116 135 116 116 -1 116 116 135 116 116 -1 116 -1 -1 116 116 -1 116 116 135 116 116 -1 116 -1 -1 116 -1 -1 -1 -1 135 116 116 -1 116 116 -1 116 116 -1 116 116 -1 -1 116 -1 -1 116 -1 -1 116 -1 -1 116 -1 116 -1 -1 116 -1 -1 -1 -1 -1 116 -1 -1 116 116 -1 116 116 -1 135 116 -1 -1 -1 135 -1 -1 -1 -1 -1 -1 
-1 -1 -1 -1 -1 -1 -1 65 65 65 65 -1 65 65 65 -1 -1 -1 65 65 65 65 65 65 65 65 -1 -1 -1 -1 65 65 -1 -1 -1 -1 -1 -1 -1 -1 -1 -1 -1 -1 -1 -1 -1 -1 64 -1 -1 -1 -1 65 -1 -1 -1 84 84 -1 -1 -1 65 84 84 -1 -1 -1 65 -1 -1 65 -1 -1 65 84 -1 -1 -1 -1 -1 -1 -1 -1 -1 -1 -1 84 -1 -1 -1 -1 -1 -1 -1 -1 -1 -1 -1 -1 -1 -1 -1 -1 -1 -1 -1 -1 -1 -1 -1 -1 -1 -1 -1 -1 -1 -1 -1 -1 -1 -1 -1 -1 -1 -1 -1 -1 -1 65 84 -1 -1 -1 -1 -1 -1 84 -1 -1 -1 
167 167 167 167 167 -1 167 167 167 167 167 167 167 167 167 167 167 -1 167 167 167 167 -1 -1 -1 -1 167 167 -1 167 167 167 -1 -1 -1 -1 -1 -1 -1 -1 -1 -1 -1 -1 -1 -1 -1 -1 -1 166 -1 -1 -1 167 186 -1 167 186 186 167 186 -1 167 186 186 -1 -1 -1 167 -1 -1 167 -1 -1 167 186 186 -1 -1 -1 -1 -1 -1 -1 -1 -1 167 -1 186 167 -1 -1 167 -1 -1 167 -1 -1 167 -1 -1 167 -1 -1 167 -1 -1 167 -1 -1 -1 -1 -1 -1 -1 -1 -1 -1 -1 -1 -1 -1 167 186 -1 167 -1 -1 -1 167 186 -1 -1 -1 -1 -1 -1 186 -1 -1 -1 
143 143 143 143 143 143 143 143 143 143 143 143 143 143 143 143 143 143 143 143 143 143 143 143 143 143 143 143 143 143 143 143 142 143 142 142 143 142 142 143 142 142 143 142 142 143 -1 142 143 -1 142 143 -1 142 143 -1 142 143 -1 -1 -1 -1 -1 -1 -1 142 143 -1 142 143 -1 -1 -1 -1 -1 -1 -1 142 143 142 142 143 -1 142 143 -1 -1 -1 -1 -1 -1 -1 -1 -1 -1 -1 -1 -1 142 143 142 142 143 142 142 143 -1 142 143 -1 142 143 -1 142 143 -1 142 143 -1 -1 143 -1 -1 -1 -1 142 143 -1 143 143 -1 142 143 143 -1 143 -1 -1 -1 142 -1 
91 91 91 91 91 91 -1 -1 -1 -1 -1 -1 -1 -1 -1 91 91 91 -1 -1 -1 -1 91 91 -1 -1 -1 91 91 -1 -1 -1 92 91 92 92 91 92 92 91 92 92 91 92 92 91 92 92 91 92 92 91 92 92 91 92 92 91 92 -1 -1 -1 -1 -1 -1 92 91 92 92 91 92 -1 -1 92 -1 -1 -1 92 91 92 92 91 92 92 91 92 -1 -1 92 -1 -1 92 -1 -1 92 -1 -1 92 92 91 92 92 91 92 92 91 92 92 91 92 92 91 92 92 91 92 92 91 92 92 -1 92 -1 -1 -1 92 91 92 91 -1 92 92 91 -1 -1 -1 92 -1 92 92 -1 
194 194 194 194 194 194 194 194 194 -1 -1 194 194 -1 -1 194 194 194 -1 -1 -1 -1 194 194 194 194 194 194 194 194 -1 194 193 194 193 193 194 193 193 194 193 193 194 193 193 194 193 193 194 193 -1 194 193 -1 194 193 -1 194 193 -1 194 -1 -1 194 -1 -1 194 193 -1 194 193 -1 194 -1 -1 194 -1 193 194 193 193 194 193 193 194 193 -1 194 -1 -1 194 -1 -1 194 -1 -1 194 -1 193 194 193 193 194 193 -1 194 193 -1 194 193 -1 194 193 193 194 193 193 194 193 -1 194 -1 -1 194 -1 -1 194 193 194 -1 194 193 194 194 -1 -1 194 -1 -1 193 -1 
145 145 145 145 145 145 145 145 145 145 145 145 145 145 145 145 145 145 145 145 145 145 145 145 145 145 145 145 145 145 145 145 144 145 -1 144 145 -1 144 145 144 144 145 144 144 145 144 144 145 144 144 145 -1 144 145 -1 144 145 -1 -1 -1 -1 -1 -1 -1 144 145 -1 144 145 -1 -1 -1 -1 -1 -1 -1 144 145 144 144 145 144 144 145 144 -1 -1 -1 -1 -1 -1 -1 -1 -1 -1 -1 -1 144 145 144 144 145 144 144 145 -1 144 145 -1 144 145 -1 144 145 144 144 145 144 144 145 -1 -1 -1 -1 144 -1 -1 145 145 -1 144 145 145 -1 145 -1 -1 -1 144 -1 
93 93 93 93 93 93 -1 -1 -1 -1 -1 -1 -1 -1 -1 93 93 93 -1 -1 -1 -1 93 93 -1 -1 -1 93 93 -1 -1 -1 94 93 94 94 93 94 94 93 94 94 93 94 94 93 94 -1 93 94 94 93 94 94 93 94 94 93 94 -1 -1 -1 -1 -1 -1 94 93 94 94 93 94 -1 -1 94 -1 -1 -1 94 93 94 -1 93 94 -1 93 94 -1 -1 94 -1 -1 94 -1 -1 94 -1 -1 94 94 93 94 94 93 94 94 93 94 94 93 94 94 93 94 94 93 94 -1 93 94 94 93 94 -1 -1 -1 -1 93 94 93 -1 94 94 93 -1 -1 -1 94 -1 -1 94 -1 
196 196 196 196 196 196 196 196 196 -1 -1 196 196 -1 -1 196 196 196 -1 -1 -1 -1 196 196 196 196 196 196 196 196 -1 -1 195 196 195 195 196 195 195 196 195 195 196 195 195 196 195 195 196 195 -1 196 195 -1 196 195 -1 196 195 -1 196 -1 -1 196 -1 -1 196 195 -1 196 195 -1 196 -1 -1 196 -1 195 196 195 195 196 195 195 196 195 -1 196 -1 -1 196 -1 -1 196 -1 -1 196 -1 195 196 195 195 196 195 -1 196 195 -1 196 195 -1 196 195 195 196 195 195 196 195 -1 196 195 -1 196 -1 -1 196 195 196 -1 196 195 196 196 -1 -1 196 -1 -1 195 -1 
147 147 147 147 147 147 147 147 147 147 147 147 147 147 147 147 147 147 147 147 147 147 147 147 147 147 147 147 147 147 147 147 146 147 146 146 147 146 146 147 146 146 147 146 146 147 146 146 147 146 146 147 -1 146 147 146 146 147 146 146 -1 146 -1 -1 -1 146 147 146 146 147 146 146 -1 146 -1 -1 -1 146 147 146 146 147 146 146 147 146 -1 -1 -1 -1 -1 -1 -1 -1 146 147 -1 -1 146 147 146 146 147 146 146 147 146 146 147 146 146 147 -1 146 147 146 146 147 146 146 147 146 -1 -1 -1 146 -1 146 147 147 -1 146 147 147 -1 147 -1 -1 146 146 -1 
95 95 95 95 95 95 95 95 95 95 -1 95 95 95 -1 95 95 95 -1 -1 95 -1 95 95 95 95 95 95 95 95 -1 95 96 95 96 96 95 96 96 95 96 96 95 96 96 95 96 96 95 96 96 95 96 96 95 96 96 95 96 -1 95 96 -1 -1 96 96 95 96 96 95 96 -1 95 96 -1 -1 96 96 95 96 96 95 96 96 95 96 -1 -1 96 -1 -1 96 -1 -1 96 -1 96 96 96 95 96 96 95 96 96 95 96 96 95 96 96 95 96 96 95 96 96 95 96 96 95 96 -1 -1 96 -1 95 96 95 -1 96 96 95 95 -1 -1 96 -1 96 96 -1 
198 198 198 198 198 198 198 198 198 -1 -1 198 198 -1 -1 198 198 198 -1 -1 -1 -1 198 198 198 198 198 198 198 198 -1 -1 197 198 197 197 198 197 197 198 197 197 198 197 197 198 197 197 198 197 197 198 197 197 198 197 197 198 197 197 198 197 -1 198 -1 197 198 197 197 198 197 197 198 197 -1 198 -1 197 198 197 197 198 197 197 198 197 -1 198 -1 -1 198 -1 197 198 -1 -1 198 198 197 198 197 197 198 197 197 198 197 197 198 197 197 198 197 197 198 197 197 198 197 197 198 197 -1 198 -1 197 198 197 198 -1 198 197 198 198 -1 -1 198 -1 197 197 -1 
148 148 148 148 148 148 148 148 148 148 148 148 148 148 148 148 148 148 148 148 148 148 148 148 148 148 148 148 148 148 148 148 147 148 147 147 148 147 147 148 147 147 148 147 147 148 147 147 148 147 147 148 -1 147 148 -1 147 148 -1 -1 148 -1 148 148 148 147 148 -1 147 148 -1 -1 148 -1 -1 148 -1 147 148 147 147 148 147 147 148 147 -1 148 -1 -1 148 -1 147 148 -1 -1 148 -1 147 148 147 147 148 147 147 148 -1 147 148 -1 147 148 -1 147 148 147 147 148 147 147 148 -1 -1 148 -1 147 148 -1 148 148 148 147 148 148 148 148 148 148 -1 147 -1 
96 96 96 96 96 96 -1 -1 -1 -1 97 -1 -1 -1 -1 96 96 96 -1 -1 -1 -1 96 96 -1 -1 -1 96 96 -1 -1 -1 97 96 97 97 96 97 97 96 97 97 96 97 97 96 97 97 96 97 97 96 97 97 96 97 97 96 97 97 -1 97 97 97 97 97 96 97 97 96 97 97 -1 97 97 -1 97 97 96 97 97 96 97 97 96 97 97 -1 97 97 -1 97 97 96 97 97 -1 97 97 96 97 97 96 97 97 96 97 97 96 97 97 96 97 97 96 97 97 96 97 97 96 97 97 -1 97 97 96 97 96 97 97 97 96 -1 97 97 97 97 97 97 -1 
199 199 199 199 199 199 199 199 199 199 199 199 199 199 199 199 199 199 199 199 199 199 199 199 199 199 199 199 199 199 199 199 198 199 198 198 199 198 198 199 198 198 199 198 198 199 198 198 199 198 -1 199 198 -1 199 198 -1 199 198 -1 199 -1 199 199 199 -1 199 198 -1 199 198 -1 199 -1 -1 199 -1 198 199 198 198 199 198 198 199 198 -1 199 -1 -1 199 -1 -1 199 198 -1 199 -1 198 199 198 198 199 198 -1 199 198 -1 199 198 -1 199 198 198 199 198 198 199 198 -1 199 198 -1 199 -1 -1 199 198 199 199 199 198 199 199 199 199 199 199 -1 198 -1 
117 -1 -1 -1 -1 -1 117 117 117 117 117 -1 117 117 117 -1 -1 -1 117 117 -1 -1 -1 -1 -1 -1 -1 -1 -1 117 117 -1 117 118 118 117 118 118 117 118 118 117 118 118 -1 -1 -1 -1 -1 -1 117 118 118 -1 118 118 117 118 118 117 118 118 117 118 118 117 118 118 117 118 118 117 118 118 117 118 118 117 118 118 -1 -1 118 -1 -1 -1 117 118 118 117 118 118 117 118 118 117 118 118 -1 -1 118 -1 -1 118 -1 -1 118 -1 -1 118 -1 118 118 -1 118 118 -1 -1 -1 -1 118 118 117 118 118 117 118 118 -1 117 118 118 -1 -1 117 -1 118 118 118 -1 -1 
67 67 67 67 67 67 67 67 67 67 67 67 67 67 67 67 67 67 67 67 67 67 67 67 67 67 67 67 67 67 67 67 67 66 66 67 66 -1 67 66 -1 67 66 -1 -1 -1 -1 -1 -1 -1 67 66 66 67 -1 66 67 66 66 67 66 -1 67 66 -1 67 66 -1 67 66 66 67 66 -1 67 66 -1 67 66 -1 -1 -1 -1 -1 -1 -1 67 66 66 67 66 66 67 66 -1 67 66 -1 -1 -1 -1 -1 -1 -1 -1 -1 -1 -1 -1 -1 67 -1 -1 67 -1 -1 -1 -1 -1 67 -1 -1 67 66 -1 67 66 -1 67 67 66 -1 -1 67 67 67 -1 66 -1 -1 -1 
169 169 169 169 -1 -1 169 169 169 169 169 169 169 169 169 169 -1 -1 169 169 169 169 -1 -1 -1 -1 169 169 -1 169 169 169 169 168 168 169 -1 168 169 -1 168 169 -1 168 169 -1 -1 169 -1 -1 169 168 168 169 168 -1 169 168 168 169 168 168 169 168 168 169 -1 168 169 168 168 169 168 168 169 168 168 169 -1 168 169 -1 -1 169 -1 -1 169 168 168 169 168 168 169 -1 168 169 -1 168 169 -1 -1 169 -1 -1 169 -1 -1 169 -1 -1 169 -1 -1 169 -1 -1 169 -1 -1 169 168 -1 169 168 168 169 -1 168 -1 169 168 169 -1 -1 169 169 -1 168 169 -1 -1 
119 -1 -1 -1 -1 -1 119 119 119 119 119 -1 119 119 119 -1 -1 -1 119 119 -1 -1 -1 -1 -1 -1 -1 -1 -1 119 119 -1 119 120 120 119 120 120 119 120 120 119 120 120 -1 -1 -1 -1 -1 -1 119 120 120 119 120 120 119 120 120 119 120 120 119 120 120 119 120 120 119 120 120 119 120 120 119 120 120 119 120 120 -1 -1 120 -1 -1 -1 119 120 120 119 120 120 119 120 120 119 120 120 -1 -1 120 -1 -1 120 -1 -1 120 -1 -1 120 119 120 120 119 120 120 -1 -1 -1 119 120 120 119 120 120 119 -1 120 -1 119 120 120 -1 -1 119 -1 120 120 120 -1 -1 
69 69 69 69 69 69 69 69 69 69 69 69 69 69 69 69 69 69 69 69 69 69 69 69 69 69 69 69 69 69 69 69 69 68 -1 69 68 -1 69 68 -1 69 68 -1 -1 -1 -1 -1 -1 -1 69 68 -1 69 68 68 69 68 68 69 68 68 -1 68 68 69 68 -1 69 68 68 -1 68 68 -1 68 68 69 68 -1 -1 -1 -1 -1 -1 -1 69 68 68 69 68 68 69 68 -1 69 68 -1 -1 -1 -1 -1 -1 -1 -1 -1 -1 -1 -1 -1 69 68 -1 69 68 -1 -1 -1 -1 69 68 68 -1 68 68 -1 68 -1 69 69 68 -1 -1 69 69 -1 -1 68 -1 -1 -1 
171 171 171 171 -1 -1 171 171 171 171 171 171 171 171 171 171 -1 -1 171 171 171 171 -1 -1 -1 -1 171 171 -1 171 171 -1 171 170 170 171 -1 170 171 -1 170 171 -1 170 171 -1 -1 171 -1 -1 171 170 170 171 170 170 171 170 170 171 170 170 171 170 170 171 -1 170 171 170 170 171 170 170 171 170 170 171 -1 170 171 -1 -1 171 -1 -1 171 170 170 171 170 170 171 -1 170 171 -1 170 171 -1 -1 171 -1 -1 171 -1 -1 171 -1 -1 171 -1 170 171 -1 170 171 -1 -1 171 170 170 171 170 170 171 -1 170 -1 171 170 171 -1 -1 171 171 -1 170 171 -1 -1 
121 121 121 121 121 -1 121 121 121 121 121 121 121 121 121 121 121 -1 121 121 121 121 -1 -1 121 -1 121 121 -1 121 121 121 121 122 122 121 122 122 121 122 122 121 122 122 121 -1 122 -1 -1 122 121 122 122 121 122 122 121 122 122 121 122 122 121 122 122 121 122 122 121 122 122 121 122 122 121 122 122 121 122 122 121 -1 122 -1 -1 122 121 122 122 121 122 122 121 122 122 121 122 122 -1 -1 122 -1 -1 122 -1 -1 122 122 -1 122 121 122 122 121 122 122 -1 -1 122 121 122 122 121 122 122 121 -1 122 -1 121 122 122 -1 -1 121 121 122 122 122 -1 -1 
71 71 71 71 71 71 71 71 71 71 71 71 71 71 71 71 71 71 71 71 71 71 71 71 71 71 71 71 71 71 71 71 71 70 70 71 70 -1 71 70 70 71 70 70 -1 70 70 -1 -1 -1 71 70 70 71 70 70 71 70 70 71 70 70 71 70 70 71 70 70 71 70 70 71 70 70 71 70 70 71 70 70 -1 70 70 -1 -1 -1 71 70 70 71 70 70 71 70 70 71 70 70 -1 -1 -1 -1 -1 -1 -1 -1 70 -1 71 -1 71 70 -1 71 70 70 -1 -1 -1 71 70 70 71 70 70 -1 70 70 71 71 70 -1 -1 71 71 71 70 70 -1 -1 -1 
173 173 173 173 -1 -1 173 173 173 173 173 173 173 173 173 173 -1 -1 173 173 173 173 -1 -1 -1 -1 173 173 -1 173 173 -1 173 172 172 173 172 172 173 172 172 173 172 172 173 172 172 173 -1 -1 173 172 172 173 172 172 173 172 172 173 172 172 173 172 172 173 172 172 173 172 172 173 172 172 173 172 172 173 172 172 173 172 172 173 -1 -1 173 172 172 173 172 172 173 172 172 173 172 172 173 -1 -1 173 -1 -1 173 172 -1 173 -1 173 173 172 172 173 172 172 173 -1 -1 173 172 172 173 172 172 173 172 172 -1 173 172 173 -1 -1 173 173 172 172 173 -1 -1 
122 -1 -1 -1 -1 123 122 122 122 122 122 -1 122 122 122 -1 -1 -1 122 122 -1 -1 -1 -1 -1 -1 -1 -1 -1 122 122 -1 122 123 123 122 123 123 122 123 123 122 123 123 -1 123 123 123 123 123 122 123 123 122 123 123 122 123 123 122 123 123 122 123 123 122 123 123 122 123 123 122 123 123 122 123 123 122 123 123 -1 123 123 -1 123 123 122 123 123 122 123 123 122 123 123 122 123 123 -1 123 123 -1 123 123 122 123 123 -1 123 123 122 123 123 122 123 123 -1 123 123 122 123 123 122 123 123 122 123 123 123 122 123 123 123 123 122 -1 123 123 123 123 -1 
72 72 72 72 72 72 72 72 72 72 72 72 72 72 72 72 72 72 72 72 72 72 72 72 72 72 72 72 72 72 72 72 72 71 71 72 71 -1 72 71 -1 72 71 -1 72 -1 -1 72 72 72 72 71 71 72 71 71 72 71 71 72 71 71 72 71 71 72 71 -1 72 71 71 72 71 71 72 71 71 72 71 -1 72 -1 -1 72 -1 -1 72 71 71 72 71 71 72 71 -1 72 71 -1 72 -1 -1 72 -1 -1 72 71 -1 72 -1 -1 72 71 -1 72 71 -1 72 -1 -1 72 71 71 72 71 71 72 71 -1 72 72 71 72 72 72 72 72 -1 71 72 72 -1 
174 174 174 174 174 174 174 174 174 174 174 174 174 174 174 174 174 174 174 174 174 174 174 174 174 174 174 174 174 174 174 174 174 173 173 174 -1 173 174 -1 173 174 -1 173 174 -1 -1 174 174 174 174 173 173 174 173 173 174 173 173 174 173 173 174 173 173 174 -1 173 174 173 173 174 173 173 174 173 173 174 -1 173 174 -1 -1 174 -1 -1 174 173 173 174 173 173 174 -1 173 174 -1 173 174 -1 -1 174 -1 -1 174 -1 173 174 -1 -1 174 -1 173 174 -1 173 174 -1 -1 174 173 173 174 173 173 174 -1 173 174 174 173 174 174 174 174 174 -1 173 174 174 -1 
149 149 -1 -1 -1 -1 149 149 149 149 149 -1 -1 -1 -1 -1 -1 -1 -1 -1 -1 -1 -1 -1 -1 -1 149 -1 -1 149 149 -1 152 -1 124 -1 -1 -1 124 -1 124 124 -1 -1 124 -1 124 124 -1 -1 -1 -1 124 149 -1 -1 149 -1 -1 149 -1 -1 149 -1 -1 -1 -1 -1 -1 -1 -1 -1 -1 -1 -1 -1 -1 -1 -1 -1 -1 -1 -1 -1 -1 -1 -1 -1 -1 -1 -1 -1 -1 -1 -1 -1 -1 -1 -1 -1 -1 -1 -1 -1 -1 -1 -1 -1 -1 -1 -1 -1 -1 124 -1 -1 124 -1 -1 149 -1 -1 149 -1 -1 -1 -1 -1 -1 -1 -1 -1 -1 -1 -1 -1 -1 -1 -1 -1 -1 
73 73 73 73 73 73 73 -1 -1 -1 -1 -1 -1 -1 -1 -1 -1 -1 -1 -1 -1 -1 -1 -1 -1 -1 73 73 73 -1 -1 -1 -1 101 98 -1 -1 98 -1 73 -1 -1 73 -1 -1 73 -1 -1 73 -1 -1 -1 -1 -1 98 98 -1 98 -1 -1 98 98 -1 98 -1 -1 -1 -1 -1 -1 -1 -1 -1 -1 -1 -1 -1 -1 -1 -1 -1 -1 -1 -1 -1 -1 -1 -1 -1 -1 -1 -1 -1 -1 -1 -1 -1 -1 -1 -1 -1 -1 -1 -1 -1 -1 -1 -1 -1 -1 -1 -1 -1 -1 73 -1 -1 73 -1 -1 98 -1 -1 98 -1 -1 -1 -1 -1 -1 -1 -1 -1 -1 -1 -1 -1 -1 -1 -1 -1 
-1 -1 -1 -1 -1 -1 -1 -1 -1 -1 -1 -1 -1 -1 -1 -1 -1 -1 -1 -1 -1 -1 -1 -1 -1 -1 -1 -1 -1 -1 -1 -1 175 200 203 175 200 -1 175 -1 175 175 -1 175 175 -1 175 175 -1 175 175 200 -1 -1 200 200 -1 200 200 -1 200 200 -1 200 200 -1 -1 -1 -1 -1 -1 -1 -1 -1 -1 -1 -1 -1 -1 -1 -1 -1 -1 -1 -1 -1 -1 -1 -1 -1 -1 -1 -1 -1 -1 -1 -1 -1 -1 -1 -1 -1 -1 -1 -1 -1 -1 -1 -1 -1 175 200 -1 175 -1 175 175 -1 175 -1 200 200 -1 200 200 -1 -1 -1 -1 -1 -1 -1 -1 -1 -1 -1 -1 -1 -1 -1 -1 
-1 -1 -1 -1 -1 -1 -1 -1 -1 -1 -1 -1 -1 -1 -1 -1 -1 -1 -1 -1 -1 -1 -1 -1 -1 -1 -1 -1 -1 -1 -1 -1 124 -1 -1 124 -1 -1 103 -1 125 104 -1 -1 125 -1 125 125 -1 -1 124 -1 -1 -1 -1 -1 -1 -1 -1 -1 -1 -1 -1 -1 -1 -1 -1 -1 -1 -1 -1 -1 -1 -1 -1 -1 -1 -1 -1 -1 -1 -1 -1 -1 -1 -1 -1 -1 -1 -1 -1 -1 -1 -1 -1 -1 -1 -1 -1 -1 -1 -1 -1 -1 -1 -1 -1 -1 -1 -1 124 -1 -1 -1 -1 -1 125 -1 -1 -1 -1 -1 -1 -1 -1 -1 -1 -1 -1 -1 -1 125 -1 -1 -1 -1 -1 -1 -1 125 -1 
74 74 74 74 74 74 74 -1 -1 -1 -1 -1 -1 -1 -1 -1 -1 -1 -1 -1 -1 -1 -1 -1 -1 -1 74 74 74 -1 -1 -1 -1 73 -1 -1 73 -1 -1 52 -1 -1 53 -1 -1 74 -1 -1 74 -1 -1 73 -1 -1 -1 -1 -1 -1 -1 -1 -1 -1 -1 -1 -1 -1 -1 -1 -1 -1 -1 -1 -1 -1 -1 -1 -1 -1 -1 -1 -1 -1 -1 -1 -1 -1 -1 -1 -1 -1 -1 -1 -1 -1 -1 -1 -1 -1 -1 -1 -1 -1 -1 -1 -1 -1 -1 -1 -1 -1 -1 73 -1 -1 -1 -1 -1 74 -1 -1 -1 -1 -1 -1 -1 -1 -1 -1 74 -1 -1 -1 74 -1 -1 -1 -1 -1 -1 -1 -1 
-1 -1 -1 -1 -1 -1 -1 -1 -1 -1 -1 -1 -1 -1 -1 -1 -1 -1 -1 -1 -1 -1 -1 -1 -1 -1 -1 -1 -1 -1 -1 -1 176 -1 175 176 -1 175 176 -1 154 176 -1 155 176 -1 176 176 -1 176 176 -1 175 -1 -1 -1 -1 -1 -1 -1 -1 -1 -1 -1 -1 -1 -1 -1 -1 -1 -1 -1 -1 -1 -1 -1 -1 -1 -1 -1 -1 -1 -1 -1 -1 -1 -1 -1 -1 -1 -1 -1 -1 -1 -1 -1 -1 -1 -1 -1 -1 -1 -1 -1 -1 -1 -1 -1 -1 -1 176 -1 175 176 -1 -1 176 -1 176 -1 -1 -1 -1 -1 -1 -1 -1 -1 -1 -1 -1 176 -1 -1 -1 -1 -1 -1 -1 176 -1 
-1 -1 -1 -1 -1 -1 -1 -1 -1 -1 -1 -1 -1 -1 -1 -1 -1 -1 -1 -1 -1 -1 -1 -1 -1 -1 -1 -1 -1 -1 -1 -1 125 -1 126 125 -1 126 125 -1 126 125 -1 126 105 -1 126 106 -1 126 125 -1 126 -1 -1 -1 -1 -1 -1 -1 -1 -1 -1 -1 -1 -1 -1 -1 -1 -1 -1 -1 -1 -1 -1 -1 -1 -1 -1 -1 -1 -1 -1 -1 -1 -1 -1 -1 -1 -1 -1 -1 -1 -1 -1 -1 -1 -1 -1 -1 -1 -1 -1 -1 -1 -1 -1 -1 -1 -1 125 -1 126 125 -1 126 -1 -1 126 -1 -1 -1 -1 -1 -1 -1 -1 -1 -1 -1 -1 126 -1 -1 -1 -1 -1 -1 -1 126 -1 
75 75 75 75 75 75 75 -1 -1 -1 -1 -1 -1 -1 -1 -1 -1 -1 -1 -1 -1 -1 -1 -1 -1 -1 75 75 75 -1 -1 -1 -1 74 -1 -1 74 -1 -1 74 -1 -1 74 -1 -1 54 -1 -1 55 -1 -1 74 -1 -1 -1 -1 -1 -1 -1 -1 -1 -1 -1 -1 -1 -1 -1 -1 -1 -1 -1 -1 -1 -1 -1 -1 -1 -1 -1 -1 -1 -1 -1 -1 -1 -1 -1 -1 -1 -1 -1 -1 -1 -1 -1 -1 -1 -1 -1 -1 -1 -1 -1 -1 -1 -1 -1 -1 -1 -1 -1 74 -1 -1 74 -1 -1 -1 -1 -1 -1 -1 -1 -1 -1 -1 -1 -1 75 -1 -1 -1 75 -1 -1 -1 -1 -1 -1 -1 -1 
-1 -1 -1 -1 -1 -1 -1 -1 -1 -1 -1 -1 -1 -1 -1 -1 -1 -1 -1 -1 -1 -1 -1 -1 -1 -1 -1 -1 -1 -1 -1 -1 177 -1 176 177 -1 176 177 -1 176 177 -1 176 177 -1 156 177 -1 157 177 -1 176 -1 -1 -1 -1 -1 -1 -1 -1 -1 -1 -1 -1 -1 -1 -1 -1 -1 -1 -1 -1 -1 -1 -1 -1 -1 -1 -1 -1 -1 -1 -1 -1 -1 -1 -1 -1 -1 -1 -1 -1 -1 -1 -1 -1 -1 -1 -1 -1 -1 -1 -1 -1 -1 -1 -1 -1 -1 177 -1 176 177 -1 176 177 -1 -1 -1 -1 -1 -1 -1 -1 -1 -1 -1 -1 -1 -1 177 -1 -1 -1 -1 -1 -1 -1 177 -1 
150 150 -1 -1 -1 -1 150 150 150 150 150 -1 -1 -1 -1 -1 -1 -1 -1 -1 -1 -1 -1 -1 -1 -1 150 -1 -1 150 150 -1 149 -1 -1 149 -1 -1 -1 -1 -1 -1 -1 -1 -1 -1 -1 -1 -1 -1 149 -1 -1 128 -1 -1 129 -1 -1 150 -1 -1 150 -1 -1 -1 -1 -1 -1 -1 -1 -1 -1 -1 -1 -1 -1 -1 -1 -1 -1 -1 -1 -1 -1 -1 -1 -1 -1 -1 -1 -1 -1 -1 -1 -1 -1 -1 -1 -1 -1 -1 -1 -1 -1 -1 -1 -1 -1 -1 149 -1 -1 -1 -1 -1 -1 -1 -1 -1 -1 -1 150 -1 -1 -1 -1 -1 -1 150 -1 -1 -1 -1 150 -1 -1 -1 -1 -1 -1 
-1 -1 -1 -1 -1 -1 -1 -1 -1 -1 -1 -1 -1 -1 -1 -1 -1 -1 -1 -1 -1 -1 -1 -1 -1 -1 -1 -1 -1 -1 -1 -1 -1 98 -1 -1 98 -1 -1 -1 -1 -1 -1 -1 -1 -1 -1 -1 -1 -1 -1 98 -1 -1 77 99 -1 78 -1 -1 99 99 -1 99 -1 -1 -1 -1 -1 -1 -1 -1 -1 -1 -1 -1 -1 -1 -1 -1 -1 -1 -1 -1 -1 -1 -1 -1 -1 -1 -1 -1 -1 -1 -1 -1 -1 -1 -1 -1 -1 -1 -1 -1 -1 -1 -1 -1 -1 -1 -1 98 -1 -1 -1 -1 -1 -1 -1 -1 -1 -1 -1 99 -1 -1 -1 -1 -1 -1 99 -1 -1 -1 -1 -1 -1 99 -1 -1 -1 
-1 -1 -1 -1 -1 -1 -1 -1 -1 -1 -1 -1 -1 -1 -1 -1 -1 -1 -1 -1 -1 -1 -1 -1 -1 -1 -1 -1 -1 -1 -1 -1 -1 201 200 -1 201 200 -1 -1 -1 -1 -1 -1 -1 -1 -1 -1 -1 -1 -1 201 200 -1 201 179 -1 201 180 -1 201 201 -1 201 201 -1 -1 -1 -1 -1 -1 -1 -1 -1 -1 -1 -1 -1 -1 -1 -1 -1 -1 -1 -1 -1 -1 -1 -1 -1 -1 -1 -1 -1 -1 -1 -1 -1 -1 -1 -1 -1 -1 -1 -1 -1 -1 -1 -1 -1 -1 201 200 -1 -1 -1 -1 -1 -1 -1 201 -1 -1 201 201 -1 -1 -1 -1 -1 201 -1 -1 -1 -1 -1 -1 201 -1 -1 -1 
151 151 -1 -1 -1 -1 151 151 151 151 151 -1 -1 -1 -1 -1 -1 -1 -1 -1 -1 -1 -1 -1 -1 -1 151 -1 -1 151 151 -1 150 -1 -1 150 -1 -1 -1 -1 -1 -1 -1 -1 -1 -1 -1 -1 -1 -1 150 -1 -1 150 -1 -1 150 -1 -1 130 -1 -1 131 -1 -1 -1 -1 -1 -1 -1 -1 -1 -1 -1 -1 -1 -1 -1 -1 -1 -1 -1 -1 -1 -1 -1 -1 -1 -1 -1 -1 -1 -1 -1 -1 -1 -1 -1 -1 -1 -1 -1 -1 -1 -1 -1 -1 -1 -1 -1 150 -1 -1 -1 -1 -1 -1 -1 -1 150 -1 -1 -1 -1 -1 -1 -1 -1 -1 151 -1 -1 -1 -1 151 -1 -1 -1 -1 -1 -1 
-1 -1 -1 -1 -1 -1 -1 -1 -1 -1 -1 -1 -1 -1 -1 -1 -1 -1 -1 -1 -1 -1 -1 -1 -1 -1 -1 -1 -1 -1 -1 -1 -1 99 100 -1 99 100 -1 -1 -1 -1 -1 -1 -1 -1 -1 -1 -1 -1 -1 99 100 -1 99 100 -1 99 100 -1 79 100 -1 80 100 -1 -1 -1 -1 -1 -1 -1 -1 -1 -1 -1 -1 -1 -1 -1 -1 -1 -1 -1 -1 -1 -1 -1 -1 -1 -1 -1 -1 -1 -1 -1 -1 -1 -1 -1 -1 -1 -1 -1 -1 -1 -1 -1 -1 -1 -1 99 100 -1 -1 -1 -1 -1 -1 -1 99 100 -1 -1 100 -1 -1 -1 -1 -1 100 -1 -1 -1 -1 -1 -1 100 -1 -1 -1 
-1 -1 -1 -1 -1 -1 -1 -1 -1 -1 -1 -1 -1 -1 -1 -1 -1 -1 -1 -1 -1 -1 -1 -1 -1 -1 -1 -1 -1 -1 -1 -1 -1 202 201 -1 202 201 -1 -1 -1 -1 -1 -1 -1 -1 -1 -1 -1 -1 -1 202 201 -1 202 201 -1 202 201 -1 202 181 -1 202 182 -1 -1 -1 -1 -1 -1 -1 -1 -1 -1 -1 -1 -1 -1 -1 -1 -1 -1 -1 -1 -1 -1 -1 -1 -1 -1 -1 -1 -1 -1 -1 -1 -1 -1 -1 -1 -1 -1 -1 -1 -1 -1 -1 -1 -1 -1 202 201 -1 -1 -1 -1 -1 -1 -1 202 201 -1 202 -1 -1 -1 -1 -1 -1 202 -1 -1 -1 -1 -1 -1 202 -1 -1 -1 
-1 -1 -1 -1 -1 -1 -1 -1 -1 -1 -1 -1 -1 -1 -1 -1 -1 -1 -1 -1 -1 -1 -1 -1 -1 -1 -1 -1 -1 -1 -1 -1 -1 -1 -1 -1 -1 -1 -1 -1 -1 -1 -1 -1 -1 -1 -1 -1 -1 -1 -1 -1 -1 -1 -1 -1 -1 -1 -1 -1 -1 -1 -1 -1 -1 -1 -1 -1 -1 -1 -1 -1 -1 -1 -1 -1 -1 -1 -1 -1 -1 -1 -1 -1 -1 -1 142 -1 -1 144 -1 -1 146 -1 -1 146 -1 -1 117 -1 -1 119 -1 -1 121 -1 -1 121 -1 -1 -1 -1 -1 -1 -1 -1 -1 -1 -1 -1 -1 -1 -1 -1 -1 -1 -1 -1 -1 -1 -1 -1 -1 -1 -1 -1 -1 -1 -1 -1 -1 
-1 -1 -1 -1 -1 -1 -1 -1 -1 -1 -1 -1 -1 -1 -1 -1 -1 -1 -1 -1 -1 -1 -1 -1 -1 -1 -1 -1 -1 -1 -1 -1 -1 -1 -1 -1 -1 -1 -1 -1 -1 -1 -1 -1 -1 -1 -1 -1 -1 -1 -1 -1 -1 -1 -1 -1 -1 -1 -1 -1 -1 -1 -1 -1 -1 -1 -1 -1 -1 -1 -1 -1 -1 -1 -1 -1 -1 -1 -1 -1 -1 -1 -1 -1 -1 -1 -1 91 -1 -1 93 -1 -1 95 -1 -1 95 -1 -1 66 -1 -1 68 -1 -1 70 -1 -1 70 -1 -1 -1 -1 -1 -1 -1 -1 -1 -1 -1 -1 -1 -1 -1 -1 -1 -1 -1 -1 -1 -1 -1 -1 -1 -1 -1 -1 -1 -1 -1 -1 
-1 -1 -1 -1 -1 -1 -1 -1 -1 -1 -1 -1 -1 -1 -1 -1 -1 -1 -1 -1 -1 -1 -1 -1 -1 -1 -1 -1 -1 -1 -1 -1 -1 -1 -1 -1 -1 -1 -1 -1 -1 -1 -1 -1 -1 -1 -1 -1 -1 -1 -1 -1 -1 -1 -1 -1 -1 -1 -1 -1 -1 -1 -1 -1 -1 -1 -1 -1 -1 -1 -1 -1 -1 -1 -1 -1 -1 -1 -1 -1 -1 -1 -1 -1 -1 -1 -1 -1 193 -1 -1 195 -1 -1 197 -1 -1 197 -1 -1 168 -1 -1 170 -1 -1 172 -1 -1 172 -1 -1 -1 -1 -1 -1 -1 -1 -1 -1 -1 -1 -1 -1 -1 -1 -1 -1 -1 -1 -1 -1 -1 -1 -1 -1 -1 -1 -1 -1 -1 
205 205 205 205 205 205 205 205 205 205 205 205 205 205 205 205 205 205 205 205 205 205 205 205 205 205 205 205 205 205 205 205 205 205 205 205 205 205 205 205 205 205 205 205 205 205 205 205 205 205 205 205 205 205 205 205 205 205 205 205 205 205 205 205 205 205 205 205 205 205 205 205 205 205 205 205 205 205 205 205 205 205 205 205 205 205 205 205 205 205 205 205 205 205 205 205 205 205 205 205 205 205 205 205 205 205 205 205 205 205 205 205 205 205 205 205 205 205 205 205 205 205 205 205 205 205 205 205 -1 205 205 205 205 205 205 205 205 205 205 205 205 
207 207 207 207 207 207 207 207 207 207 207 207 207 207 207 207 207 207 207 207 207 207 207 207 207 207 207 207 207 207 207 207 207 207 207 207 207 207 207 207 207 207 207 207 207 207 207 207 207 207 207 207 207 207 207 207 207 207 207 207 207 207 207 207 207 207 207 207 207 207 207 207 207 207 207 207 207 207 207 207 207 207 207 207 207 207 207 207 207 207 207 207 207 207 207 207 207 207 207 207 207 207 207 207 207 207 207 207 207 207 207 207 207 207 207 207 207 207 207 207 207 207 207 207 207 207 207 207 207 -1 207 207 207 207 207 207 207 207 207 207 207 
208 208 208 208 208 208 208 208 208 208 208 208 208 208 208 208 208 208 208 208 208 208 208 208 208 208 208 208 208 208 208 208 208 208 208 208 208 208 208 208 208 208 208 208 208 208 208 208 208 208 208 208 208 208 208 208 208 208 208 208 208 208 208 208 208 208 208 208 208 208 208 208 208 208 208 208 208 208 208 208 208 208 208 208 208 208 208 208 208 208 208 208 208 208 208 208 208 208 208 208 208 208 208 208 208 208 208 208 208 208 208 208 208 208 208 208 208 208 208 208 208 208 208 208 208 208 208 208 208 208 -1 208 208 208 208 208 208 208 208 208 208 
210 210 210 210 210 210 210 210 210 210 210 210 210 210 210 210 210 210 210 210 210 210 210 210 210 210 210 210 210 210 210 210 210 210 210 210 210 210 210 210 210 210 210 210 210 210 210 210 210 210 210 210 210 210 210 210 210 210 210 210 210 210 210 210 210 210 210 210 210 210 210 210 210 210 210 210 210 210 210 210 210 210 210 210 210 210 210 210 210 210 210 210 210 210 210 210 210 210 210 210 210 210 210 210 210 210 210 210 210 210 210 210 210 210 210 210 210 210 210 210 210 210 210 210 210 210 210 210 210 210 210 -1 210 210 210 210 210 210 210 210 210 
24 24 24 24 24 24 24 -1 -1 -1 -1 -1 -1 -1 -1 -1 -1 -1 -1 -1 -1 -1 -1 -1 -1 212 24 24 24 -1 -1 -1 -1 75 -1 -1 75 -1 -1 75 -1 -1 75 -1 -1 75 -1 212 75 212 -1 75 -1 -1 -1 -1 -1 -1 -1 -1 -1 -1 -1 -1 -1 -1 -1 -1 -1 -1 -1 -1 -1 -1 -1 -1 -1 -1 -1 -1 -1 -1 -1 -1 -1 -1 -1 -1 -1 -1 -1 -1 -1 -1 -1 -1 -1 -1 -1 -1 -1 -1 -1 -1 -1 -1 -1 212 212 212 -1 75 -1 -1 75 -1 -1 75 -1 -1 -1 -1 -1 -1 -1 -1 -1 -1 205 -1 -1 212 -1 212 -1 -1 -1 -1 212 212 -1 
-1 -1 -1 -1 -1 -1 -1 -1 -1 -1 -1 -1 -1 -1 -1 -1 -1 -1 -1 -1 -1 -1 16 18 21 21 -1 -1 -1 -1 -1 -1 -1 -1 -1 -1 -1 -1 213 -1 213 213 -1 213 213 -1 213 213 -1 213 -1 -1 -1 -1 -1 -1 -1 -1 -1 -1 -1 -1 -1 -1 -1 -1 -1 -1 -1 -1 -1 -1 -1 -1 -1 -1 -1 -1 -1 -1 213 -1 213 213 -1 213 -1 -1 -1 -1 -1 -1 213 -1 213 213 -1 213 -1 67 -1 213 69 213 -1 72 -1 213 72 213 -1 -1 -1 -1 -1 -1 -1 -1 -1 -1 -1 -1 -1 -1 -1 -1 -1 -1 212 -1 -1 213 212 -1 -1 -1 -1 -1 213 213 213 
49 49 -1 -1 -1 -1 49 49 49 49 49 -1 -1 -1 -1 -1 -1 -1 -1 -1 -1 214 -1 -1 -1 -1 49 -1 -1 49 49 -1 151 -1 -1 151 -1 -1 -1 -1 -1 -1 -1 -1 -1 -1 -1 -1 -1 -1 151 -1 -1 151 -1 -1 151 -1 -1 151 -1 -1 151 214 214 -1 -1 -1 -1 -1 -1 -1 -1 -1 -1 -1 -1 -1 -1 -1 -1 -1 -1 -1 -1 -1 -1 -1 -1 -1 -1 -1 -1 -1 -1 214 214 214 -1 -1 -1 -1 -1 -1 -1 -1 -1 -1 -1 -1 151 -1 -1 -1 -1 -1 -1 -1 -1 151 -1 -1 151 -1 -1 -1 -1 -1 -1 207 214 -1 -1 -1 -1 214 214 214 -1 -1 -1 
-1 -1 -1 -1 -1 -1 -1 -1 -1 -1 -1 -1 -1 -1 -1 -1 -1 -1 41 43 46 46 -1 -1 -1 -1 -1 -1 -1 -1 -1 -1 -1 -1 -1 -1 -1 -1 -1 -1 -1 -1 -1 -1 -1 -1 -1 -1 -1 -1 -1 -1 -1 -1 215 215 -1 215 215 -1 215 215 -1 215 215 -1 -1 -1 -1 -1 -1 -1 215 215 -1 215 215 -1 -1 -1 -1 -1 -1 -1 -1 -1 143 -1 -1 145 215 215 148 -1 -1 148 215 215 -1 -1 -1 -1 -1 -1 -1 215 215 -1 215 215 -1 -1 -1 -1 -1 -1 -1 -1 -1 -1 -1 -1 -1 -1 -1 -1 -1 -1 -1 214 215 -1 -1 -1 214 -1 215 215 -1 -1 215 
-1 -1 -1 -1 -1 -1 -1 216 216 216 216 -1 216 216 216 -1 -1 -1 216 216 216 216 -1 -1 216 216 -1 -1 -1 216 216 -1 -1 -1 -1 -1 -1 -1 -1 -1 -1 -1 -1 -1 -1 -1 -1 -1 -1 -1 -1 -1 -1 216 -1 -1 216 -1 -1 216 -1 -1 216 -1 -1 -1 -1 -1 -1 -1 -1 216 -1 -1 216 -1 -1 -1 -1 -1 -1 -1 -1 -1 -1 -1 -1 92 194 216 94 196 -1 97 199 216 97 199 -1 -1 -1 -1 -1 -1 216 -1 -1 216 -1 -1 -1 -1 -1 -1 -1 -1 -1 -1 -1 -1 -1 -1 -1 -1 -1 -1 -1 -1 -1 216 217 -1 -1 -1 216 216 -1 217 -1 -1 216 
-1 -1 -1 -1 -1 -1 -1 -1 -1 -1 217 -1 -1 -1 -1 -1 -1 -1 -1 -1 -1 217 -1 -1 -1 -1 -1 -1 -1 -1 -1 -1 -1 100 202 -1 100 202 -1 -1 -1 -1 -1 -1 -1 -1 -1 -1 -1 -1 -1 100 202 -1 100 202 -1 100 202 -1 100 202 217 100 202 -1 -1 -1 -1 -1 -1 -1 -1 -1 -1 -1 -1 -1 -1 -1 -1 -1 -1 -1 -1 -1 -1 -1 -1 -1 -1 -1 -1 -1 -1 217 217 217 -1 -1 -1 -1 -1 -1 -1 -1 -1 -1 -1 -1 -1 100 202 -1 -1 -1 -1 -1 -1 -1 100 202 -1 100 202 -1 -1 -1 -1 217 208 -1 -1 -1 217 217 217 -1 -1 -1 -1 
-1 -1 218 218 218 218 -1 -1 -1 -1 -1 -1 -1 -1 -1 218 218 218 -1 -1 218 218 218 218 218 218 -1 218 218 -1 -1 -1 -1 -1 -1 -1 -1 -1 -1 218 -1 -1 218 -1 -1 218 -1 -1 218 -1 -1 -1 -1 -1 -1 -1 -1 -1 -1 -1 -1 -1 -1 -1 -1 -1 -1 -1 -1 -1 -1 -1 -1 -1 -1 -1 -1 -1 218 -1 -1 218 -1 -1 218 -1 -1 -1 -1 -1 -1 -1 -1 218 -1 -1 218 -1 118 218 169 120 218 171 123 218 174 123 218 174 -1 -1 -1 -1 218 -1 -1 218 -1 -1 -1 -1 -1 -1 -1 -1 -1 -1 218 -1 -1 219 218 218 -1 -1 -1 -1 -1 219 218 
-1 -1 -1 -1 -1 219 -1 -1 -1 -1 -1 -1 -1 -1 -1 -1 -1 -1 -1 -1 -1 -1 -1 -1 -1 219 -1 -1 -1 -1 -1 -1 126 -1 177 126 -1 177 126 -1 177 126 -1 177 126 -1 177 126 219 177 126 -1 177 -1 -1 -1 -1 -1 -1 -1 -1 -1 -1 -1 -1 -1 -1 -1 -1 -1 -1 -1 -1 -1 -1 -1 -1 -1 -1 -1 -1 -1 -1 -1 -1 -1 -1 -1 -1 -1 -1 -1 -1 -1 -1 -1 -1 -1 -1 -1 -1 -1 -1 -1 -1 -1 -1 219 219 219 126 -1 177 126 -1 177 126 -1 177 -1 -1 -1 -1 -1 -1 -1 -1 -1 219 -1 -1 210 219 219 -1 -1 -1 -1 219 -1 -1 
-1 -1 -1 -1 -1 -1 -1 -1 -1 -1 -1 -1 -1 -1 -1 -1 -1 -1 -1 -1 -1 -1 -1 -1 -1 -1 -1 -1 -1 -1 -1 -1 -1 -1 -1 -1 -1 -1 -1 -1 -1 -1 -1 -1 -1 -1 -1 -1 -1 -1 -1 -1 -1 -1 -1 -1 -1 -1 -1 -1 -1 -1 -1 -1 -1 -1 -1 -1 -1 -1 -1 -1 -1 -1 -1 -1 -1 -1 -1 -1 -1 -1 -1 -1 -1 -1 -1 -1 -1 -1 -1 -1 -1 -1 -1 -1 -1 -1 -1 -1 -1 -1 -1 -1 -1 -1 -1 -1 -1 -1 -1 -1 -1 -1 -1 -1 -1 -1 -1 -1 -1 -1 -1 -1 -1 -1 -1 -1 213 215 216 218 -1 213 -1 215 216 -1 218 -1 -1 
